0.012802 0.0031525;
0.012484 0.0030485;
0.012886 0.0029018;
0.012718 0.0034032;
0.0102 -0.0031307;
0.010459 -0.0030012;
0.010123 -0.0027578;
0.0099529 -0.0028366;
0.0099397 -0.0032603;
0.0085995 0.001075;
0.0085097 0.0012499;
0.0085585 0.001054;
0.0086968 0.0013101;
0.0086827 0.001354;
0.0035818 0.0040016;
0.0035403 0.0040196;
0.0035076 0.0038262;
0.0036841 0.0037545;
0.0036668 0.0037118;
-0.0019227 0.0022874;
-0.0019645 0.0022708;
-0.0018511 0.0021108;
-0.0016756 0.002185;
-0.0016576 0.0021425;
-0.0095 -0.0034958;
-0.0095 -0.0037856;
-0.0090809 -0.003589;
-0.0090884 -0.0033999;
-0.0047003 -0.003;
-0.0047003 -0.0030465;
-0.0045 -0.003;
-0.0044261 -0.0028207;
-0.0043832 -0.0028384;
-0.0047003 -0.004;
-0.0045 -0.004;
-0.0047003 -0.0039549;
-0.0044261 -0.0041792;
-0.0043836 -0.0041621;
0.012342 0.0027269;
0.012004 0.0028841;
0.011827 0.0025466;
0.012149 0.0032225;
0.011473 0.0026913;
0.011359 0.0023808;
0.011573 0.0030424;
0.010204 -0.0024902;
0.011183 0.0027537;
0.011005 0.0024297;
0.010934 0.0022274;
0.011042 0.0028791;
0.0096995 -0.0018416;
0.0099617 -0.002001;
0.0097434 -0.0015551;
0.0097974 -0.0023302;
0.0096676 -0.0027254;
0.010805 0.0025578;
0.010657 0.0023149;
0.010548 0.0020861;
0.01056 0.0027343;
0.0095055 -0.0014882;
0.0095477 -0.0011482;
0.0094693 -0.0018318;
0.0093933 -0.0021863;
0.010375 0.0024411;
0.010278 0.0021894;
0.010198 0.0019578;
0.0099314 0.002011;
0.0098787 0.0018412;
0.010123 0.0026028;
0.0093469 -0.0011349;
0.0093714 -0.00077737;
0.009226 -0.0014174;
0.00914 -0.0016943;
0.009961 0.0023255;
0.0096215 0.0018873;
0.0095886 0.0017349;
0.0097339 0.0021217;
0.0097282 0.0024833;
0.0091627 -0.0007571;
0.0092114 -0.00043994;
0.0090173 -0.00037789;
0.0090669 -0.0001326;
0.0090414 -0.0010191;
0.0089061 -0.001251;
0.0096641 0.0022998;
0.0093523 0.0018034;
0.0093246 0.0016391;
0.0094786 0.0020425;
0.0091205 0.001719;
0.0090842 0.0015529;
0.0093702 0.0023761;
0.0088786 -8.2604e-05;
0.0089362 0.00014726;
0.0087788 -0.0002347;
0.0088243 -0.00057122;
0.008692 -0.00085075;
0.0092831 0.0021949;
0.0092169 0.0019475;
0.0089931 0.0018228;
0.0089235 0.0016128;
0.0088653 0.0014755;
0.0090445 0.0022777;
0.0087555 0.00020786;
0.0088168 0.0004015;
0.0086616 0.00045293;
0.0087067 0.00063191;
0.0086329 1.5479e-05;
0.0085514 -0.00023053;
0.0084967 -0.00048908;
0.0089753 0.0020826;
0.0087922 0.0018879;
0.0087635 0.0017192;
0.0087227 0.0015427;
0.0086657 0.0014067;
0.0087419 0.0021833;
0.008574 0.00067922;
0.0086045 0.00084037;
0.0084804 0.00055674;
0.0084817 0.00033269;
0.0083477 0.00011995;
0.0083202 -0.0001616;
0.0086863 0.0020246;
0.0085093 0.0010288;
0.0085883 0.0018291;
0.0085608 0.0016202;
0.0085349 0.0014493;
0.008459 0.0020914;
0.0084794 0.00087684;
0.0084057 0.0010779;
0.0083943 0.00074309;
0.0082906 0.00057574;
0.0081927 0.00040001;
0.0081612 0.00013869;
0.0084554 0.001948;
0.0083878 0.0013631;
0.0083264 0.0012423;
0.0083409 0.0017393;
0.0083605 0.0015297;
0.0048793 0.0083505;
0.0081792 0.0019976;
0.008291 0.00093705;
0.0082604 0.0011069;
0.0081463 0.00079509;
0.0080511 0.00063223;
0.0080158 0.00042025;
0.008164 0.0018524;
0.0082204 0.0013981;
0.0081736 0.0012211;
0.0081061 0.0015935;
0.0050192 0.0081623;
0.0051188 0.0080213;
0.0046605 0.0083353;
0.0047969 0.0081144;
0.0078964 0.0018984;
0.0080832 0.0010453;
0.0079177 0.00090743;
0.0078811 0.00068647;
0.0078917 0.0017409;
0.0079775 0.001313;
0.0078489 0.0015238;
0.0044716 0.0082838;
0.0048966 0.0079153;
0.0049835 0.0077182;
0.0045536 0.0080543;
0.0047074 0.007878;
0.0076716 0.0018344;
0.007614 0.0020082;
0.0078176 0.0011684;
0.007748 0.00095299;
0.0076622 0.0015996;
0.0077066 0.0013559;
0.0043499 0.0079684;
0.0047456 0.0075923;
0.0048358 0.0073837;
0.004502 0.0076862;
0.0073748 0.0019197;
0.0073039 0.0021252;
0.0074211 0.0016962;
0.0076179 0.0012262;
0.0074384 0.0014572;
0.0042136 0.0076211;
0.0045422 0.0072292;
0.0046757 0.0070152;
0.0042952 0.0073382;
0.0044097 0.0068007;
0.0045041 0.0066124;
0.0070728 0.0020252;
0.0069622 0.002255;
0.0071463 0.0018052;
0.0072023 0.0015746;
0.0073389 0.0013477;
0.0040623 0.0072393;
0.0041786 0.0069096;
0.0042481 0.0065142;
0.0043397 0.0062158;
0.0067537 0.0021318;
0.0065874 0.0024007;
0.006885 0.0019138;
0.0068899 0.0017062;
0.0070351 0.0014836;
0.003893 0.006825;
0.0039759 0.0064403;
0.0040806 0.0061066;
0.0041917 0.0058487;
0.006422 0.0022717;
0.0061803 0.0025635;
0.0065625 0.0019004;
0.0066991 0.0016321;
0.0037074 0.0063881;
0.0038053 0.0060066;
0.0039322 0.0057434;
0.0040596 0.0055132;
0.0038195 0.0053701;
0.0039418 0.0052067;
0.0060094 0.0024276;
0.0057829 0.0027277;
0.0061676 0.0020666;
0.0063287 0.0017941;
0.0035281 0.0059753;
0.0036365 0.0056153;
0.0036317 0.0052897;
0.0037445 0.0050699;
0.0038359 0.0049271;
0.0056118 0.002605;
0.0054184 0.0028826;
0.0057575 0.0022713;
0.0059206 0.0019671;
0.0033638 0.005602;
0.0034441 0.005318;
0.0035141 0.0050752;
0.0036316 0.0048201;
0.0037393 0.0046727;
0.0035616 0.004582;
0.0036503 0.0044415;
0.0052471 0.0027674;
0.0050876 0.003026;
0.0049188 0.0029193;
0.0047876 0.0031588;
0.0053304 0.0024022;
0.0054802 0.0021462;
0.0032143 0.0052638;
0.0032985 0.0050403;
0.0034959 0.0043757;
0.0035678 0.0042316;
0.0034092 0.0047678;
0.003408 0.0045132;
0.0046115 0.0030984;
0.0045153 0.003281;
0.0046611 0.0028604;
0.0048803 0.0025923;
0.0050598 0.0023128;
0.0030792 0.0049549;
0.0031714 0.0047439;
0.0034279 0.0041706;
0.0034906 0.0040411;
0.0033541 0.0043321;
0.0032454 0.0045439;
0.0033947 0.0039925;
0.0041193 0.0033219;
0.0042675 0.0033921;
0.0040415 0.003492;
0.0043549 0.0031983;
0.0044066 0.0029474;
0.004473 0.0027046;
0.0046755 0.0024626;
0.0029559 0.0046664;
0.0030405 0.0044903;
0.0036461 0.0036605;
0.0032761 0.004131;
0.0031558 0.0042929;
0.0033337 0.0038298;
0.00326 0.0039586;
0.003913 0.0034364;
0.003835 0.0035812;
0.0039444 0.0032666;
0.0040961 0.0030937;
0.0041547 0.0028259;
0.0043223 0.0025993;
0.0028426 0.0043946;
0.0029418 0.0042235;
0.0037208 0.0035213;
0.0035646 0.003617;
0.0033965 0.0036869;
0.0032479 0.0037092;
0.0030795 0.0040359;
0.0031533 0.0038245;
0.0037627 0.0033521;
0.0038311 0.0031291;
0.0038637 0.0029383;
0.0040002 0.0027252;
0.0027331 0.0041238;
0.0028397 0.00401;
0.0035646 0.0034403;
0.003421 0.0035419;
0.0032616 0.0035552;
0.0031081 0.0036507;
0.0029626 0.0038139;
0.0035722 0.003218;
0.0035828 0.0030377;
0.0037073 0.0028421;
-0.004085 0.0063057;
0.0026272 0.0038465;
0.0027478 0.0037432;
0.0033467 0.003358;
0.0031153 0.0034291;
0.0029171 0.0035725;
0.0033701 0.0031449;
0.0034371 0.0029522;
-0.0038396 0.006251;
-0.0036798 0.0062211;
-0.0039786 0.0060633;
-0.0042244 0.0061235;
0.0025372 0.0036271;
0.0023512 0.003721;
0.0027007 0.0034803;
0.003113 0.003238;
0.0028958 0.0033346;
0.0031689 0.0030657;
-0.0037637 0.0059938;
-0.0035609 0.0059104;
-0.0038774 0.0058204;
-0.004083 0.005856;
-0.0043233 0.0059487;
0.0022659 0.0034935;
0.0020485 0.0035832;
0.0024608 0.0033707;
0.0026337 0.0032206;
0.0028988 0.0031857;
-0.0036585 0.0056759;
-0.003429 0.0055688;
-0.0039033 0.0055133;
-0.0041859 0.0056384;
0.001977 0.0033381;
0.0017129 0.003434;
0.0022124 0.0032791;
0.0023748 0.0031492;
0.0026146 0.003076;
-0.0035618 0.005262;
-0.0032821 0.0051942;
-0.0033378 0.0049212;
-0.0031188 0.0047875;
-0.0037768 0.0051585;
-0.0040365 0.005295;
0.0016291 0.0032025;
0.0013426 0.0032732;
0.0019836 0.0030439;
0.0023029 0.0029555;
-0.0032323 0.0045637;
-0.0029545 0.0043902;
-0.0035453 0.0048017;
-0.0038734 0.0049167;
0.0012747 0.0030539;
0.00093771 0.0031016;
0.001601 0.002893;
0.0019597 0.0028211;
-0.0030801 0.0041615;
-0.0027991 0.0040256;
-0.0033872 0.0043232;
-0.0036999 0.0045027;
0.00084092 0.0028747;
0.00053912 0.0029377;
0.0011845 0.0027077;
0.0015829 0.0026717;
-0.0029053 0.0037797;
-0.0026548 0.0036948;
-0.0027161 0.0034474;
-0.002521 0.0033946;
-0.0032023 0.0038863;
-0.0035219 0.0040618;
0.00045189 0.0026679;
0.00017067 0.0027902;
0.00078634 0.0025426;
0.0011719 0.0025035;
-0.0025628 0.0031568;
-0.0023978 0.0031219;
-0.0027973 0.0032407;
-0.0030188 0.0034693;
-0.0033566 0.0036436;
6.5648e-05 0.002555;
-0.0001655 0.0026585;
-0.00023825 0.0024533;
-0.00047224 0.0025411;
0.00034786 0.002357;
0.0007338 0.0023174;
-0.0024599 0.0029079;
-0.0022858 0.0028737;
-0.0023032 0.00267;
-0.0021849 0.0026473;
-0.0027333 0.0030036;
-0.0029557 0.0031261;
-0.0032087 0.0032641;
-0.00048352 0.0023747;
-0.00075177 0.0024357;
-0.00035106 0.0022375;
-3.5357e-05 0.0022012;
0.00031845 0.0021374;
-0.0022429 0.002494;
-0.0020947 0.0024404;
-0.0023976 0.0025326;
-0.0025848 0.002703;
-0.0028834 0.0028392;
-0.0030751 0.0029198;
-0.00080677 0.0022628;
-0.0010059 0.0023396;
-0.0010493 0.0021917;
-0.0012367 0.0022511;
-0.00059823 0.0021199;
-0.00038701 0.0020036;
-5.9499e-05 0.0019714;
-0.0021427 0.0023117;
-0.0020146 0.002251;
-0.0020434 0.0021404;
-0.0023225 0.0023661;
-0.0025343 0.00243;
-0.0027701 0.0025418;
-0.0029521 0.0026063;
-0.0016359 0.0020915;
-0.0012897 0.0021198;
-0.0014461 0.0021687;
-0.0011432 0.0020215;
-0.00091234 0.0020081;
-0.00066709 0.0018829;
-0.00040618 0.0018185;
-0.0019757 0.0019925;
-0.0022303 0.0021638;
-0.0021309 0.0020233;
-0.0024567 0.0021749;
-0.0026667 0.0022535;
-0.0028354 0.0023154;
-0.001489 0.0020343;
-0.0016766 0.0019926;
-0.0018324 0.0019347;
-0.0019525 0.0018443;
-0.0013326 0.0019406;
-0.0011319 0.0018471;
-0.00096855 0.0017445;
-0.00072327 0.0016801;
-0.0021028 0.001861;
-0.0023024 0.0019587;
-0.0025357 0.0019932;
-0.0027232 0.0020431;
-0.0015427 0.0018792;
-0.0017116 0.001849;
-0.001834 0.0017454;
-0.0020092 0.001707;
-0.0013714 0.0017233;
-0.0012051 0.0016408;
-0.0010133 0.0015559;
-0.0022317 0.0017182;
-0.0024502 0.0017636;
-0.0026069 0.0017738;
-0.002088 0.0015176;
-0.0016322 0.001669;
-0.0018467 0.0015525;
-0.0014629 0.0015314;
-0.0012823 0.0014425;
-0.0023247 0.0015222;
-0.0024843 0.0015022;
-0.0021788 0.0012969;
-0.0019344 0.0013306;
-0.0017007 0.0014156;
-0.0015512 0.001332;
-0.0023825 0.0012826;
-0.0025921 0.001216;
-0.0022794 0.0010349;
-0.0020409 0.0010641;
-0.001827 0.0012259;
-0.0025037 0.00096555;
-0.0027132 0.00090172;
-0.0023847 0.00079211;
-0.0021624 0.00083677;
-0.0019482 0.00095302;
-0.0088501 -0.003203;
-0.0026507 0.00058099;
-0.0028526 0.00055627;
-0.0023274 0.00054235;
-0.0020815 0.00065561;
-0.0088501 -0.0037925;
-0.0085109 -0.0035031;
-0.0082615 -0.0031974;
-0.0028153 0.00015325;
-0.0030093 0.0001779;
-0.0025133 0.00022403;
-0.0022278 0.00032783;
-0.0082615 -0.0038025;
-0.0078951 -0.0034022;
-0.0077282 -0.0031881;
-0.0079669 -0.0036153;
-0.002973 -0.00025391;
-0.0031821 -0.000235;
-0.0026727 -0.000227;
-0.0023861 -3.3219e-05;
-0.0074676 -0.0033508;
-0.007245 -0.0031762;
-0.0077282 -0.0038125;
-0.0074475 -0.0035842;
-0.0031318 -0.00063884;
-0.0033579 -0.00064604;
-0.0032971 -0.00093702;
-0.0035226 -0.0010257;
-0.0028587 -0.00069994;
-0.0025539 -0.00043417;
-0.007022 -0.003403;
-0.0068071 -0.003164;
-0.0065498 -0.0033226;
-0.0064104 -0.003152;
-0.007245 -0.003824;
-0.0070203 -0.0036495;
-0.0034232 -0.0013024;
-0.0036736 -0.0013697;
-0.0030358 -0.0010707;
-0.0027312 -0.00087332;
-0.006122 -0.0032733;
-0.0060508 -0.003141;
-0.0063231 -0.0034818;
-0.0066295 -0.0036028;
-0.0068071 -0.0038362;
-0.0035937 -0.001607;
-0.0038124 -0.0016812;
-0.0033895 -0.0015842;
-0.0031613 -0.0014887;
-0.0029003 -0.0012988;
-0.0058542 -0.0032832;
-0.005725 -0.0031309;
-0.0060306 -0.0034948;
-0.0062743 -0.0037099;
-0.0064104 -0.003849;
-0.0037275 -0.0018951;
-0.0039396 -0.0019633;
-0.003859 -0.0021598;
-0.0040549 -0.0022195;
-0.0035117 -0.0018472;
-0.0032785 -0.0018651;
-0.0030535 -0.0016877;
-0.0055181 -0.0032625;
-0.0054298 -0.0031215;
-0.0056802 -0.0034997;
-0.0059299 -0.0037208;
-0.0060508 -0.0038619;
-0.0039803 -0.0023925;
-0.0041583 -0.0024527;
-0.0040853 -0.002566;
-0.0042502 -0.0026653;
-0.0037875 -0.002375;
-0.0036375 -0.0021419;
-0.0034014 -0.0021677;
-0.0031942 -0.0020477;
-0.0052841 -0.0032375;
-0.0051623 -0.0031132;
-0.0054085 -0.0033869;
-0.005018 -0.0032244;
-0.0049199 -0.0031066;
-0.0053936 -0.0035781;
-0.0056405 -0.0037421;
-0.005725 -0.003873;
-0.0047919 -0.0032013;
-0.0047003 -0.0031024;
-0.0043316 -0.0028595;
-0.0045949 -0.003178;
-0.0041783 -0.0027896;
-0.0039135 -0.0025814;
-0.0040263 -0.0027298;
-0.0037485 -0.0026016;
-0.0035477 -0.0024656;
-0.0033237 -0.0023786;
-0.0051597 -0.0034342;
-0.0049058 -0.0033777;
-0.0051672 -0.003634;
-0.0053057 -0.0037715;
-0.0054298 -0.0038823;
-0.0046999 -0.0033374;
-0.0042765 -0.0029744;
-0.0043859 -0.003156;
-0.0044905 -0.0033268;
-0.0040892 -0.0029225;
-0.0038574 -0.0028184;
-0.0036366 -0.0027675;
-0.0034434 -0.0026813;
-0.0047646 -0.0034991;
-0.0049361 -0.0036125;
-0.0050655 -0.0037867;
-0.0051623 -0.0038902;
-0.0045933 -0.003504;
-0.004174 -0.0031189;
-0.0042718 -0.003314;
-0.0043816 -0.0034954;
-0.0039381 -0.0030678;
-0.0037481 -0.0030276;
-0.0035548 -0.0029606;
-0.0047132 -0.0036686;
-0.0048254 -0.0037934;
-0.0049199 -0.0038968;
-0.004497 -0.0036687;
-0.0040401 -0.0032961;
-0.0041516 -0.0034965;
-0.0042767 -0.0036715;
-0.0038509 -0.0033116;
-0.0036637 -0.0032324;
-0.0046062 -0.0038086;
-0.0047003 -0.0039008;
-0.0044015 -0.0038204;
-0.0039208 -0.0035142;
-0.0040514 -0.0037147;
-0.0041985 -0.0038656;
-0.0037746 -0.0035;
-0.0043026 -0.0040105;
-0.0041436 -0.0040456;
-0.0038013 -0.003778;
-0.0039598 -0.0039626;
-0.0036642 -0.0037664;
-0.0040324 -0.0042126;
-0.0042246 -0.0041769;
-0.0043326 -0.0041416;
-0.0037347 -0.0040013;
-0.0038326 -0.0042099;
-0.0035548 -0.0040368;
-0.0039269 -0.0044164;
-0.0041145 -0.0043781;
-0.0042476 -0.004335;
-0.0036096 -0.004271;
-0.0037343 -0.0044184;
-0.0034448 -0.0043147;
-0.0037773 -0.0046212;
-0.0040028 -0.0046005;
-0.0041532 -0.0045474;
-0.0035252 -0.0045734;
-0.0033283 -0.0046163;
-0.0036299 -0.0048561;
-0.0038884 -0.0047896;
-0.0040486 -0.0047807;
-0.0034086 -0.0048924;
-0.0032007 -0.0049463;
-0.0035117 -0.0051326;
-0.0037643 -0.0050475;
-0.0039314 -0.0050368;
-0.0032661 -0.0052252;
-0.0030606 -0.0053053;
-0.0033904 -0.0054086;
-0.003611 -0.005366;
-0.0038017 -0.0053186;
-0.0031444 -0.0056435;
-0.0029075 -0.0056935;
-0.0034289 -0.0056712;
-0.0036609 -0.0056297;
-0.0029666 -0.0060711;
-0.0027362 -0.0061179;
-0.0032517 -0.0060279;
-0.0035094 -0.0059736;
-0.0028249 -0.006489;
-0.0025538 -0.0065552;
-0.0031156 -0.0064208;
-0.0033458 -0.0063533;
-0.0026407 -0.0068995;
-0.0023818 -0.0069553;
-0.0029366 -0.0068694;
-0.0031742 -0.0067649;
-0.0023103 -0.0075997;
-0.0020782 -0.0076488;
-0.0022233 -0.0073181;
-0.002453 -0.0072911;
-0.0027389 -0.0072461;
-0.0030081 -0.0071788;
-0.0021715 -0.0078683;
-0.0019467 -0.0079497;
-0.0023751 -0.0078318;
-0.0025977 -0.0076481;
-0.00286 -0.0075578;
-0.0020405 -0.0081196;
-0.0022871 -0.0080597;
-0.0025089 -0.0079834;
-0.0027271 -0.0079031;
-0.0021918 -0.0082963;
-0.0024435 -0.0082418;
-0.0026073 -0.0082166;
0.012926 0.0027816;
0.012382 0.0026066;
0.01296 0.0026815;
0.012416 0.0025064;
0.011896 0.0023392;
0.011864 0.0024335;
0.01208 0.0034415;
0.012111 0.003342;
0.012677 0.0035268;
0.011423 0.0021871;
0.011394 0.0022751;
0.011511 0.0032511;
0.011539 0.0031562;
0.010383 -0.0024005;
0.010302 -0.0024413;
0.010644 -0.0029091;
0.01056 -0.0029509;
0.010134 -0.0019146;
0.010056 -0.0019539;
0.010966 0.0021299;
0.010993 0.0020487;
0.010987 0.0030759;
0.011012 0.0029865;
0.009907 -0.0014727;
0.0098326 -0.0015101;
0.010578 0.0019971;
0.010602 0.001923;
0.010224 0.0018764;
0.010246 0.0018086;
0.0094822 -0.0028197;
0.0097492 -0.0033553;
0.0095665 -0.0027768;
0.0098358 -0.0033121;
0.010513 0.0029172;
0.010534 0.002834;
0.0097007 -0.0010708;
0.0096312 -0.001106;
0.0099029 0.0017667;
0.0099231 0.0017046;
0.0092133 -0.0022803;
0.0092951 -0.0022376;
0.010083 0.0027735;
0.010102 0.0026959;
0.0094487 -0.00073813;
0.0095132 -0.00070543;
0.009283 -0.00040352;
0.0093427 -0.00037317;
0.0096107 0.0016668;
0.0096292 0.00161;
0.0089675 -0.0017874;
0.0090459 -0.0017451;
0.0096951 0.0026436;
0.0097101 0.0025707;
0.0091327 -9.9027e-05;
0.0091876 -7.1045e-05;
0.0093449 0.0015763;
0.0093619 0.0015241;
0.0087452 -0.0013415;
0.0088183 -0.0013003;
0.0093436 0.002526;
0.0093557 0.0024579;
0.0089964 0.00017803;
0.0090466 0.00020368;
0.0088722 0.00042986;
0.0089184 0.00045349;
0.0091031 0.0014945;
0.0091188 0.0014459;
0.0085442 -0.0009383;
0.0086113 -0.0008985;
0.0090242 0.0024191;
0.0090334 0.0023548;
0.0087586 0.00065849;
0.0088019 0.00068064;
0.008883 0.0014206;
0.0088978 0.0013748;
0.0083624 -0.00057376;
0.0084235 -0.00053527;
0.0087275 0.0023199;
0.0087341 0.0022578;
0.0086543 0.00086591;
0.0086958 0.00088719;
0.0081981 -0.00024428;
0.0082536 -0.0002067;
0.0084505 0.0022272;
0.0084544 0.0021655;
0.0080485 5.59e-05;
0.0080997 9.3532e-05;
0.0053535 0.0081934;
0.0081768 0.0021356;
0.0081779 0.0020729;
0.0079094 0.00033485;
0.0079578 0.00037367;
0.0044296 0.0085761;
0.0052378 0.0079199;
0.0051837 0.007966;
0.0079009 0.0020433;
0.0078989 0.0019774;
0.007779 0.00059641;
0.0078254 0.00063735;
0.0043147 0.0082987;
0.004386 0.0082919;
0.0051109 0.0076194;
0.005053 0.0076643;
0.0076257 0.0021549;
0.0076204 0.0020883;
0.0076491 0.00085689;
0.0076941 0.00090057;
0.0041882 0.0079934;
0.0042617 0.007982;
0.0049707 0.0072878;
0.0049094 0.0073314;
0.0048164 0.0069228;
0.0047524 0.0069648;
0.0073235 0.0022776;
0.0073146 0.0022083;
0.0075182 0.0011194;
0.0075635 0.001168;
0.0040486 0.0076564;
0.0041236 0.0076403;
0.0046481 0.0065245;
0.0045826 0.0065645;
0.0069899 0.002413;
0.0069773 0.0023412;
0.0072429 0.0012335;
0.0072865 0.0012854;
0.0038949 0.0072852;
0.003971 0.0072643;
0.0044829 0.0061337;
0.0044178 0.006171;
0.0066227 0.002562;
0.0066067 0.0024887;
0.0069403 0.0013588;
0.0069834 0.0014155;
0.0037272 0.0068803;
0.0038025 0.0068552;
0.0043306 0.0057734;
0.0042675 0.0058076;
0.0041918 0.005445;
0.0041317 0.005476;
0.006222 0.0027246;
0.0062031 0.0026514;
0.0066064 0.0014971;
0.0066485 0.0015585;
0.003549 0.0064503;
0.003621 0.006422;
0.0040652 0.0051455;
0.0040091 0.0051734;
0.0058289 0.0028841;
0.005808 0.002813;
0.006239 0.0016493;
0.0062798 0.0017151;
0.00338 0.0060423;
0.0034473 0.0060118;
0.0038981 0.0048974;
0.0039499 0.0048726;
0.0054665 0.0030312;
0.0054446 0.0029637;
0.0051361 0.0031653;
0.005114 0.003102;
0.0058365 0.001816;
0.0058747 0.0018847;
0.0032268 0.0056724;
0.0032891 0.0056404;
0.0037968 0.004646;
0.0038447 0.0046238;
0.0048349 0.0032875;
0.0048134 0.003229;
0.0054052 0.0019947;
0.0054393 0.0020635;
0.0030878 0.0053367;
0.0031453 0.0053035;
0.0037041 0.0044172;
0.0037488 0.0043969;
0.0045399 0.0033454;
0.0045603 0.003399;
0.0042907 0.0034512;
0.00431 0.0035006;
0.0049952 0.0021645;
0.0050246 0.0022319;
0.0029611 0.0050308;
0.0030148 0.0049963;
0.0036189 0.004209;
0.0036614 0.0041902;
0.0040635 0.0035472;
0.0040818 0.0035932;
0.0046216 0.0023192;
0.0046461 0.0023844;
0.0028434 0.0047468;
0.0028946 0.0047103;
0.0038562 0.0036338;
0.0038738 0.0036776;
0.0042788 0.0024612;
0.0042986 0.002524;
0.0027335 0.0044815;
0.0027831 0.004442;
0.0039662 0.0025907;
0.0039816 0.0026518;
0.0026251 0.0042197;
0.0026742 0.0041761;
0.0036818 0.0027085;
0.0036934 0.0027692;
-0.003634 0.0065042;
0.0025162 0.0039567;
0.0025666 0.0039066;
0.0034199 0.002817;
0.0034277 0.0028785;
-0.0035223 0.006229;
-0.0035939 0.0062254;
-0.0045579 0.0061215;
0.0022426 0.0038411;
0.002292 0.0037865;
0.0031599 0.0029247;
0.003164 0.0029888;
-0.0033997 0.0059267;
-0.003473 0.0059193;
-0.0044428 0.0058437;
-0.0043885 0.0058914;
0.0019422 0.0037141;
0.0019905 0.0036546;
0.0028988 0.0030328;
0.0028988 0.0031023;
-0.0032643 0.0055931;
-0.0033391 0.0055821;
-0.0031153 0.005226;
-0.0031911 0.0052116;
-0.0043162 0.005538;
-0.004257 0.0055836;
0.0016106 0.0035739;
0.0016571 0.0035103;
0.0026235 0.0029187;
0.0026194 0.0029902;
-0.0029527 0.0048253;
-0.0030282 0.0048081;
-0.0041764 0.0052005;
-0.0041128 0.0052435;
0.0012456 0.0034197;
0.0012897 0.0033531;
0.0023209 0.0027934;
0.0023127 0.0028671;
-0.0027931 0.0044322;
-0.0028665 0.0044131;
-0.0040223 0.0048286;
-0.0039546 0.0048686;
0.00084724 0.0032513;
0.00088836 0.0031833;
0.001987 0.0026551;
0.0019746 0.0027305;
-0.002646 0.0040697;
-0.0027156 0.0040497;
-0.0025119 0.0037393;
-0.0025769 0.0037191;
-0.0038544 0.0044232;
-0.0037842 0.0044594;
0.00045646 0.0030861;
0.00049403 0.0030187;
0.0016196 0.0025029;
0.0016029 0.0025796;
-0.0023897 0.0034381;
-0.0024494 0.0034183;
-0.0036762 0.0039929;
-0.003606 0.0040242;
9.616e-05 0.0029339;
0.00013003 0.0028686;
-0.00023229 0.002795;
-0.00020193 0.002733;
0.0012171 0.0023362;
0.0011966 0.0024122;
-0.0023326 0.0031446;
-0.0022783 0.0031635;
-0.0035075 0.0035857;
-0.0034389 0.0036121;
-0.0022263 0.0028952;
-0.0021767 0.0029132;
-0.00053171 0.0026685;
-0.00050468 0.0026106;
0.00078577 0.0021576;
0.00076215 0.0022302;
-0.0033546 0.0032166;
-0.0032883 0.0032382;
-0.0021299 0.0026679;
-0.0020841 0.002685;
-0.00078062 0.0024997;
-0.00080466 0.0025531;
-0.0010319 0.0023987;
-0.0010535 0.002448;
0.00037583 0.0019878;
0.00034975 0.0020558;
-0.0032159 0.0028817;
-0.0031519 0.002899;
-0.0020429 0.0024604;
-0.0019997 0.002477;
-0.0012605 0.0023062;
-0.0012803 0.0023521;
2.2471e-06 0.001833;
-2.5819e-05 0.0018959;
-0.0030894 0.0025764;
-0.003027 0.00259;
-0.0014685 0.002221;
-0.0014871 0.0022647;
-0.00034056 0.001691;
-0.00037039 0.001749;
-0.002972 0.0022928;
-0.0029099 0.0023031;
-0.00065324 0.0015615;
-0.00068507 0.0016154;
-0.0028621 0.0020275;
-0.002799 0.0020346;
-0.00093756 0.0014437;
-0.000972 0.0014947;
-0.0027535 0.0017654;
-0.0026869 0.0017693;
-0.0011995 0.0013352;
-0.0012371 0.001384;
-0.0026444 0.0015021;
-0.0025716 0.0015021;
-0.0014595 0.0012276;
-0.0015012 0.001275;
-0.0027587 0.0012249;
-0.0026829 0.0012209;
-0.0017206 0.0011194;
-0.001769 0.0011678;
-0.0028843 0.00092009;
-0.0028065 0.00091174;
-0.0018323 0.00084954;
-0.001885 0.00089658;
-0.0088501 -0.0030923;
-0.0088501 -0.003;
-0.0095 -0.0030948;
-0.0095 -0.003;
-0.0030231 0.00058341;
-0.0029456 0.00057107;
-0.0019547 0.00055417;
-0.0020123 0.00060028;
-0.0082615 -0.0030897;
-0.0082615 -0.003;
-0.003176 0.00021249;
-0.0031002 0.00019677;
-0.0020895 0.00022861;
-0.0021524 0.00027371;
-0.0077282 -0.0030855;
-0.0077282 -0.003;
-0.0088501 -0.0039057;
-0.0095 -0.0039025;
-0.0088501 -0.004;
-0.0095 -0.004;
-0.0033437 -0.00019441;
-0.0032702 -0.00021286;
-0.0035115 -0.00060155;
-0.0034417 -0.00062177;
-0.0022376 -0.00012874;
-0.0023051 -8.532e-05;
-0.007245 -0.0030801;
-0.007245 -0.003;
-0.0068071 -0.0030745;
-0.0068071 -0.003;
-0.0082615 -0.0039102;
-0.0082615 -0.004;
-0.0036671 -0.00097917;
-0.0036014 -0.0010003;
-0.0024006 -0.00052226;
-0.0024702 -0.00048222;
-0.0064104 -0.0030691;
-0.0064104 -0.003;
-0.0077282 -0.0039148;
-0.0077282 -0.004;
-0.0038087 -0.0013226;
-0.0037473 -0.001344;
-0.0025782 -0.00095122;
-0.0026478 -0.00091581;
-0.0060508 -0.0030641;
-0.0060508 -0.003;
-0.007245 -0.00392;
-0.007245 -0.004;
-0.0039374 -0.001635;
-0.0038806 -0.001656;
-0.0040023 -0.0019392;
-0.0040545 -0.0019191;
-0.00275 -0.0013658;
-0.0028183 -0.0013354;
-0.005725 -0.0030595;
-0.005725 -0.003;
-0.0068071 -0.0039255;
-0.0068071 -0.004;
-0.0041128 -0.0021966;
-0.004161 -0.0021775;
-0.0042126 -0.0024308;
-0.0042579 -0.0024125;
-0.0029066 -0.001744;
-0.0029734 -0.0017184;
-0.0054298 -0.0030552;
-0.0054298 -0.003;
-0.0051623 -0.0030515;
-0.0051623 -0.003;
-0.0064104 -0.0039314;
-0.0064104 -0.004;
-0.0049199 -0.0030485;
-0.0049199 -0.003;
-0.0043025 -0.0026441;
-0.004346 -0.0026263;
-0.0030513 -0.0020934;
-0.0031163 -0.0020726;
-0.0060508 -0.0039372;
-0.0060508 -0.004;
-0.0031843 -0.0024145;
-0.0032477 -0.0023982;
-0.005725 -0.0039423;
-0.005725 -0.004;
-0.0033059 -0.0027079;
-0.0033684 -0.0026958;
-0.0054298 -0.0039465;
-0.0054298 -0.004;
-0.0034179 -0.0029783;
-0.0034801 -0.0029702;
-0.0051623 -0.0039501;
-0.0051623 -0.004;
-0.0035268 -0.0032412;
-0.003589 -0.0032372;
-0.0049199 -0.0039531;
-0.0049199 -0.004;
-0.003634 -0.0035;
-0.0036979 -0.0035;
-0.0035268 -0.0037587;
-0.0035893 -0.0037622;
-0.0034179 -0.0040216;
-0.0034801 -0.0040285;
-0.0043013 -0.004356;
-0.004346 -0.0043736;
-0.003306 -0.0042918;
-0.0033691 -0.0043022;
-0.0042103 -0.0045691;
-0.004258 -0.0045872;
-0.0031845 -0.0045851;
-0.0032499 -0.0045993;
-0.00411 -0.0048033;
-0.0041611 -0.0048222;
-0.0030516 -0.004906;
-0.0031194 -0.0049243;
-0.0039987 -0.0050606;
-0.0040547 -0.0050805;
-0.0029069 -0.0052553;
-0.0029768 -0.005278;
-0.0038759 -0.0053436;
-0.0039376 -0.0053644;
-0.0027504 -0.0056333;
-0.0028218 -0.0056606;
-0.003809 -0.0056766;
-0.0037417 -0.0056553;
-0.0025787 -0.0060476;
-0.0026503 -0.0060795;
-0.0036675 -0.0060199;
-0.0035956 -0.0059988;
-0.002401 -0.0064766;
-0.0024705 -0.0065123;
-0.0035119 -0.0063973;
-0.0034364 -0.0063773;
-0.002238 -0.0068703;
-0.0023034 -0.0069089;
-0.0020898 -0.0072279;
-0.0021505 -0.0072689;
-0.0033442 -0.0068043;
-0.0032669 -0.0067864;
-0.0019549 -0.0075537;
-0.0020109 -0.0075969;
-0.0031764 -0.0072115;
-0.0030999 -0.0071966;
-0.0018324 -0.0078493;
-0.0018844 -0.007895;
-0.0030234 -0.0075827;
-0.0029491 -0.0075714;
-0.0028845 -0.0079196;
-0.002813 -0.0079121;
-0.0027588 -0.0082247;
-0.0026899 -0.008221;
-0.0026444 -0.0085021;
