6.544400e-05 2.133600e-05;
6.501600e-05 2.137600e-05;
4.958900e-05 1.260900e-05;
4.843000e-05 1.933900e-05;
3.186000e-05 -6.279400e-05;
2.427500e-05 -4.052900e-05;
2.869000e-05 -5.666800e-05;
2.903800e-05 -5.776600e-05;
1.890100e-05 -4.463200e-05;
6.650600e-06 -1.307600e-05;
3.861700e-05 -4.232400e-06;
6.650600e-06 -1.307600e-05;
1.407000e-05 4.577700e-06;
1.407000e-05 4.577700e-06;
1.069500e-05 2.528600e-05;
1.069500e-05 2.528600e-05;
5.594400e-05 5.136800e-05;
2.585100e-05 -1.047900e-05;
2.585100e-05 -1.047900e-05;
-2.064500e-05 5.093800e-05;
-2.064500e-05 5.093800e-05;
6.305300e-06 1.518500e-04;
5.172200e-05 2.188600e-05;
5.172200e-05 2.188600e-05;
9.958200e-04 8.968100e-18;
7.144500e-04 -6.317800e-18;
9.566300e-04 1.535500e-05;
9.499200e-04 -1.826000e-05;
1.996600e-04 2.962900e-06;
1.996600e-04 2.962900e-06;
6.021500e-04 2.606700e-04;
4.138100e-05 8.929500e-05;
4.138100e-05 8.929500e-05;
1.921600e-04 -2.644500e-06;
4.103200e-05 -8.868100e-05;
1.921600e-04 -2.644500e-06;
4.103200e-05 -8.868100e-05;
4.103200e-05 -8.868100e-05;
4.466500e-05 1.509700e-05;
6.481800e-05 2.136500e-05;
4.498500e-05 1.487500e-05;
4.445300e-05 1.411200e-05;
6.458700e-05 2.115600e-05;
4.331600e-05 1.381000e-05;
4.571500e-05 1.506200e-05;
1.852200e-05 -3.813500e-05;
6.098600e-05 2.019000e-05;
6.149000e-05 2.004600e-05;
4.101700e-05 1.339700e-05;
4.314100e-05 1.430300e-05;
2.802500e-05 -5.575500e-05;
1.971100e-05 -3.819000e-05;
1.877200e-05 -3.697000e-05;
3.185700e-05 -6.269500e-05;
2.017200e-05 -3.856700e-05;
6.491400e-05 2.152500e-05;
6.152100e-05 2.000300e-05;
3.850300e-05 1.247300e-05;
4.087400e-05 1.365300e-05;
2.922400e-05 -5.789100e-05;
1.825600e-05 -3.579300e-05;
3.022300e-05 -5.978900e-05;
2.017700e-05 -4.031800e-05;
6.409900e-05 2.089400e-05;
6.100900e-05 1.999100e-05;
3.608100e-05 1.164500e-05;
5.619100e-05 1.831900e-05;
3.402600e-05 1.109200e-05;
3.889900e-05 1.286800e-05;
2.877400e-05 -5.660700e-05;
1.732500e-05 -3.395900e-05;
3.001200e-05 -5.960900e-05;
1.957000e-05 -3.926300e-05;
6.496500e-05 2.119800e-05;
5.381400e-05 1.745300e-05;
3.180000e-05 1.029500e-05;
6.577000e-05 2.173600e-05;
3.743500e-05 1.239700e-05;
2.851500e-05 -5.605300e-05;
1.649700e-05 -3.222800e-05;
2.674100e-05 -5.251100e-05;
1.541500e-05 -3.029500e-05;
3.038700e-05 -6.014600e-05;
1.906100e-05 -3.784200e-05;
5.902200e-05 1.940600e-05;
5.451500e-05 1.788500e-05;
2.989500e-05 9.743100e-06;
6.702600e-05 2.220100e-05;
5.404100e-05 1.805300e-05;
2.867000e-05 9.450200e-06;
3.569500e-05 1.194300e-05;
2.618500e-05 -5.182600e-05;
1.454100e-05 -2.841100e-05;
3.092500e-05 -6.187000e-05;
3.121200e-05 -6.148600e-05;
1.834600e-05 -3.630300e-05;
5.686800e-05 1.894200e-05;
6.682400e-05 2.236200e-05;
6.593300e-05 2.256700e-05;
4.918800e-05 1.706200e-05;
2.836300e-05 9.721600e-06;
3.347400e-05 1.120000e-05;
2.523600e-05 -4.960000e-05;
1.358000e-05 -2.663800e-05;
2.338100e-05 -4.663800e-05;
1.299700e-05 -2.588400e-05;
3.176300e-05 -6.283400e-05;
2.791900e-05 -5.559700e-05;
1.729800e-05 -3.471800e-05;
5.836800e-05 1.990800e-05;
6.539000e-05 2.323400e-05;
6.437500e-05 2.297200e-05;
4.964800e-05 1.722800e-05;
2.885500e-05 9.296000e-06;
3.201200e-05 1.100600e-05;
2.155900e-05 -4.416700e-05;
1.292500e-05 -2.614700e-05;
2.862900e-05 -5.919300e-05;
3.168200e-05 -6.366200e-05;
2.696400e-05 -5.379000e-05;
1.627600e-05 -3.267000e-05;
5.282900e-05 1.864600e-05;
1.375500e-05 -2.677800e-05;
6.573700e-05 2.251000e-05;
6.349500e-05 1.963000e-05;
4.545400e-05 1.235100e-05;
2.958500e-05 1.022400e-05;
2.174300e-05 -4.464500e-05;
2.154600e-05 -3.964900e-05;
2.861600e-05 -5.984200e-05;
3.054900e-05 -6.313600e-05;
2.588400e-05 -5.287200e-05;
1.550100e-05 -3.104100e-05;
5.274100e-05 1.722800e-05;
3.861700e-05 -4.232400e-06;
3.184300e-05 -2.864900e-05;
7.054800e-05 1.338500e-05;
6.401600e-05 4.860500e-06;
4.980800e-05 1.188600e-04;
3.519100e-05 1.043900e-05;
3.107800e-05 -5.882400e-05;
3.455800e-05 -4.971400e-05;
3.076800e-05 -6.190000e-05;
2.379900e-05 -4.953200e-05;
1.476700e-05 -3.019100e-05;
6.681200e-05 7.410800e-06;
6.052700e-05 -2.068600e-05;
4.913100e-05 -4.404400e-05;
8.701800e-05 -1.508600e-05;
4.796700e-05 1.033600e-04;
2.700200e-05 6.591600e-05;
3.955200e-05 1.081800e-04;
5.213700e-05 1.250200e-04;
6.912700e-05 -9.038800e-06;
4.153900e-05 -5.988500e-05;
2.751900e-05 -5.029000e-05;
1.382100e-05 -2.837200e-05;
9.910400e-05 -2.232400e-05;
7.424100e-05 -5.014900e-05;
1.044300e-04 -4.295200e-05;
2.811700e-05 6.617100e-05;
4.535500e-05 1.078700e-04;
2.783000e-05 6.572800e-05;
4.502700e-05 1.078600e-04;
5.262700e-05 1.244300e-04;
1.041100e-04 -3.655600e-05;
6.254700e-05 -2.621700e-05;
5.765500e-05 -5.461500e-05;
1.730200e-05 -3.212100e-05;
1.199600e-04 -4.969400e-05;
8.942300e-05 -5.392100e-05;
2.812900e-05 6.721300e-05;
4.624300e-05 1.103900e-04;
2.881500e-05 6.875600e-05;
5.087700e-05 1.230900e-04;
1.078300e-04 -4.420700e-05;
6.322300e-05 -2.556300e-05;
1.253500e-04 -5.128400e-05;
5.549700e-05 -4.251800e-05;
1.020100e-04 -4.510300e-05;
2.876600e-05 6.999600e-05;
5.022800e-05 1.190100e-04;
2.973700e-05 6.992200e-05;
4.753600e-05 1.132300e-04;
4.673000e-05 1.105500e-04;
2.942400e-05 7.026700e-05;
1.113200e-04 -4.519100e-05;
6.683600e-05 -2.729700e-05;
1.260100e-04 -5.176500e-05;
1.058400e-04 -4.351800e-05;
6.370700e-05 -2.534200e-05;
3.036100e-05 7.229700e-05;
5.179300e-05 1.231700e-04;
4.912500e-05 1.184300e-04;
2.954700e-05 7.027800e-05;
1.151000e-04 -4.747900e-05;
6.908900e-05 -2.802100e-05;
1.250700e-04 -5.066500e-05;
1.064700e-04 -4.376300e-05;
6.431200e-05 -2.667100e-05;
3.069800e-05 7.393200e-05;
5.034000e-05 1.217300e-04;
4.945600e-05 1.177400e-04;
2.872500e-05 6.830800e-05;
1.149400e-04 -4.712200e-05;
7.042700e-05 -2.878300e-05;
1.177100e-04 -4.817900e-05;
6.880300e-05 -2.824800e-05;
3.009600e-05 7.255100e-05;
5.135300e-05 1.228500e-04;
4.912300e-05 1.172500e-04;
2.764900e-05 6.543900e-05;
4.693400e-05 1.114300e-04;
2.605800e-05 6.189400e-05;
1.169500e-04 -4.767600e-05;
7.015300e-05 -2.862800e-05;
1.165600e-04 -4.849800e-05;
7.112400e-05 -2.955000e-05;
2.910600e-05 7.000500e-05;
5.252800e-05 1.247800e-04;
5.275200e-05 1.264500e-04;
4.256200e-05 1.019200e-04;
2.435300e-05 5.806800e-05;
1.150200e-04 -4.737000e-05;
6.838800e-05 -2.783400e-05;
1.210300e-04 -4.959100e-05;
7.269400e-05 -2.985600e-05;
2.814000e-05 6.759800e-05;
4.831000e-05 1.157300e-04;
5.309800e-05 1.284400e-04;
4.353300e-05 1.042200e-04;
2.283300e-05 5.440800e-05;
4.042500e-05 9.911900e-05;
2.158700e-05 5.273600e-05;
1.138700e-04 -4.647600e-05;
6.563700e-05 -2.678900e-05;
1.111700e-04 -4.509100e-05;
6.244200e-05 -2.536800e-05;
1.160000e-04 -4.717000e-05;
7.173800e-05 -2.978100e-05;
2.689900e-05 6.495800e-05;
4.608000e-05 1.111500e-04;
3.818900e-05 9.571100e-05;
2.145200e-05 5.261800e-05;
5.298100e-05 1.294700e-04;
4.789600e-05 1.215800e-04;
1.003400e-04 -4.122300e-05;
5.818500e-05 -2.372500e-05;
1.264400e-04 -5.230400e-05;
1.186500e-04 -4.899600e-05;
7.042400e-05 -2.886100e-05;
2.576500e-05 6.237100e-05;
4.449200e-05 1.103500e-04;
3.793400e-05 9.192300e-05;
2.237700e-05 5.170600e-05;
4.799700e-05 1.208200e-04;
5.081500e-05 1.283200e-04;
3.659200e-05 7.595000e-05;
9.613200e-05 -4.030500e-05;
5.478000e-05 -2.244800e-05;
5.297900e-05 -2.216800e-05;
1.019200e-04 -4.157300e-05;
1.280800e-04 -5.288600e-05;
1.088000e-04 -4.508500e-05;
6.785800e-05 -2.807000e-05;
2.425300e-05 6.043300e-05;
4.118300e-05 1.040200e-04;
5.316600e-05 -2.093700e-05;
5.343700e-05 1.162900e-04;
5.250100e-05 1.278700e-04;
5.594400e-05 5.136800e-05;
6.154000e-05 9.541500e-05;
8.970700e-05 -3.854000e-05;
5.296800e-05 -2.226300e-05;
1.191600e-04 -5.159300e-05;
1.292800e-04 -5.420700e-05;
1.071100e-04 -4.433800e-05;
6.470300e-05 -2.683100e-05;
2.339100e-05 5.698500e-05;
4.926700e-05 1.061400e-04;
9.026900e-05 -3.773000e-05;
8.119300e-05 -2.934700e-05;
7.841700e-05 -1.780500e-06;
1.046100e-04 4.023800e-05;
7.530700e-05 1.215300e-04;
1.006500e-04 8.481200e-05;
1.196200e-04 -5.195200e-05;
1.263500e-04 -5.430500e-05;
1.047800e-04 -4.463000e-05;
6.181800e-05 -2.561200e-05;
3.037300e-05 6.747600e-05;
8.095900e-05 1.091000e-04;
1.208300e-04 -4.492200e-05;
1.151000e-04 -2.478500e-05;
1.335000e-04 6.112800e-06;
1.468000e-04 5.769800e-05;
1.334700e-04 1.065000e-04;
1.253300e-04 -5.256100e-05;
9.950700e-05 -4.308500e-05;
5.961200e-05 -2.536200e-05;
-9.530300e-05 2.352600e-04;
1.137400e-04 9.037600e-05;
1.679700e-04 1.113200e-04;
1.396200e-04 -3.223200e-05;
1.686100e-04 1.440600e-05;
1.946300e-04 7.892500e-05;
1.084900e-04 -3.990100e-05;
5.544400e-05 -2.349200e-05;
-7.639300e-05 2.107300e-04;
-5.531700e-05 1.314700e-04;
-1.026100e-04 2.500000e-04;
-9.841800e-05 2.098100e-04;
2.089000e-04 1.008400e-04;
1.346100e-04 5.595800e-05;
2.352600e-04 9.585700e-05;
1.425500e-04 -1.140900e-05;
1.976000e-04 4.167600e-05;
6.804800e-05 -2.544100e-05;
-8.856200e-05 2.166100e-04;
-5.339000e-05 1.319300e-04;
-1.013700e-04 2.492600e-04;
-9.163500e-05 2.243100e-04;
-5.358700e-05 1.337600e-04;
2.208800e-04 9.314000e-05;
1.349800e-04 5.683500e-05;
2.489400e-04 1.044400e-04;
2.061800e-04 7.746800e-05;
1.424700e-04 1.609200e-05;
-9.211700e-05 2.247600e-04;
-5.681100e-05 1.381100e-04;
-9.922600e-05 2.383600e-04;
-5.571500e-05 1.343100e-04;
2.318600e-04 9.615400e-05;
1.416800e-04 5.977600e-05;
2.486200e-04 1.047100e-04;
2.139600e-04 8.946400e-05;
1.312100e-04 5.653500e-05;
-9.933100e-05 2.452100e-04;
-5.648100e-05 1.411000e-04;
-8.973700e-05 2.203100e-04;
-5.827600e-05 1.420400e-04;
-9.396900e-05 2.285100e-04;
-5.787400e-05 1.395000e-04;
2.300900e-04 9.636000e-05;
1.444700e-04 6.085600e-05;
2.351100e-04 9.790500e-05;
1.334100e-04 5.541700e-05;
-9.686900e-05 2.345100e-04;
-5.807400e-05 1.418900e-04;
-1.022800e-04 2.514200e-04;
-5.892800e-05 1.444300e-04;
2.304000e-04 9.636900e-05;
1.461700e-04 6.166300e-05;
2.340200e-04 9.719400e-05;
1.397500e-04 5.791100e-05;
-9.736300e-05 2.380800e-04;
-5.633300e-05 1.384200e-04;
-9.994900e-05 2.422100e-04;
-6.077500e-05 1.464900e-04;
2.294800e-04 9.677300e-05;
1.438700e-04 6.011300e-05;
2.328600e-04 9.751400e-05;
1.431200e-04 5.907200e-05;
-9.544800e-05 2.333100e-04;
-5.354700e-05 1.321200e-04;
-8.878500e-05 2.179300e-04;
-5.095500e-05 1.247200e-04;
-1.002600e-04 2.441000e-04;
-5.953800e-05 1.444000e-04;
2.405100e-04 1.010100e-04;
1.396500e-04 5.908200e-05;
2.337600e-04 9.689300e-05;
1.449000e-04 6.049100e-05;
-8.390200e-05 2.040700e-04;
-4.779900e-05 1.167200e-04;
-1.041500e-04 2.529900e-04;
-1.028000e-04 2.518300e-04;
-5.773200e-05 1.401400e-04;
2.305000e-04 9.613500e-05;
1.337800e-04 5.635100e-05;
2.242400e-04 9.525200e-05;
1.260800e-04 5.292400e-05;
2.327500e-04 9.831400e-05;
1.433400e-04 5.941500e-05;
-8.434400e-05 2.042700e-04;
-4.460900e-05 1.095500e-04;
-7.510900e-05 1.791600e-04;
-4.433500e-05 1.050400e-04;
-1.065900e-04 2.566400e-04;
-9.494100e-05 2.314200e-04;
-5.581400e-05 1.350700e-04;
2.139200e-04 8.931900e-05;
1.185300e-04 4.997600e-05;
2.525500e-04 1.042400e-04;
2.390400e-04 9.960200e-05;
1.387100e-04 5.805800e-05;
-8.009100e-05 1.867300e-04;
-4.404300e-05 1.049300e-04;
-1.030600e-04 2.355000e-04;
-1.087700e-04 2.593800e-04;
-8.929100e-05 2.160200e-04;
-5.392500e-05 1.299600e-04;
2.041700e-04 8.568300e-05;
1.105700e-04 4.632900e-05;
1.931000e-04 7.906600e-05;
1.074400e-04 4.396800e-05;
2.560900e-04 1.071900e-04;
2.210100e-04 9.139400e-05;
1.346800e-04 5.591700e-05;
-7.391600e-05 1.765900e-04;
-4.158300e-05 1.048200e-04;
-5.393300e-05 1.579900e-04;
-1.040400e-04 2.389700e-04;
-1.102100e-04 2.535600e-04;
-8.872100e-05 2.097500e-04;
-5.182700e-05 1.248900e-04;
1.053900e-04 4.578900e-05;
1.824400e-04 7.245000e-05;
1.072300e-04 4.363300e-05;
2.425000e-04 9.590400e-05;
2.597800e-04 1.059300e-04;
2.197000e-04 9.124000e-05;
1.281800e-04 5.308900e-05;
6.305300e-06 1.518500e-04;
-8.913700e-05 2.412900e-04;
-4.928400e-05 2.282900e-04;
-1.050500e-04 2.519400e-04;
-8.682700e-05 1.982600e-04;
-5.138900e-05 1.201000e-04;
1.866500e-04 7.682200e-05;
1.578500e-04 7.612000e-05;
1.127200e-04 1.094800e-04;
9.132200e-05 2.064200e-04;
2.464900e-04 9.673400e-05;
2.556100e-04 1.014500e-04;
2.149700e-04 8.633100e-05;
1.232000e-04 5.090300e-05;
2.103700e-05 2.632100e-04;
-6.583000e-05 2.776200e-04;
-8.063100e-05 2.177000e-04;
-4.755000e-05 1.131700e-04;
2.341200e-04 1.074700e-04;
1.983500e-04 1.275400e-04;
1.802000e-04 1.985700e-04;
1.253900e-04 2.894300e-04;
2.515400e-04 1.028400e-04;
2.102200e-04 8.258200e-05;
1.191100e-04 4.796500e-05;
3.641600e-05 3.393200e-04;
-3.800100e-05 2.705400e-04;
-5.265800e-05 1.400000e-04;
1.636200e-04 3.857100e-04;
2.432200e-04 1.504400e-04;
2.181200e-04 2.596900e-04;
2.084700e-04 9.625300e-05;
1.110200e-04 4.508200e-05;
8.003300e-05 3.946200e-04;
3.530800e-05 2.920900e-04;
1.978400e-04 4.678900e-04;
2.207600e-04 3.369300e-04;
2.153200e-04 1.774000e-04;
1.300600e-04 5.855900e-05;
1.589700e-04 4.441000e-04;
1.152800e-04 2.751200e-04;
2.053300e-04 4.988200e-04;
1.820900e-04 4.006000e-04;
1.776200e-04 2.218900e-04;
1.854600e-04 4.426200e-04;
1.142200e-04 2.771900e-04;
2.067700e-04 4.945100e-04;
1.748100e-04 4.221000e-04;
1.048400e-04 2.618400e-04;
7.044300e-04 -3.805600e-05;
1.892700e-04 4.589800e-04;
1.171200e-04 2.841500e-04;
1.872300e-04 4.522000e-04;
1.094100e-04 2.628000e-04;
7.130100e-04 3.862000e-05;
1.100500e-03 2.167200e-06;
6.859700e-04 5.980400e-06;
1.895100e-04 4.600800e-04;
1.156600e-04 2.807600e-04;
1.958600e-04 4.735300e-04;
1.144000e-04 2.782300e-04;
6.809900e-04 -6.495700e-06;
1.036000e-03 -2.059800e-06;
6.555800e-04 -2.418300e-06;
1.009000e-03 -7.931100e-06;
1.924300e-04 4.690500e-04;
1.142700e-04 2.772200e-04;
1.903300e-04 4.636500e-04;
1.198100e-04 2.875600e-04;
9.757400e-04 7.971900e-07;
6.253200e-04 2.667500e-06;
6.606600e-04 -1.382900e-06;
1.062600e-03 3.012700e-06;
1.915400e-04 4.684700e-04;
1.094900e-04 2.672000e-04;
1.816600e-04 4.371300e-04;
1.069800e-04 2.572300e-04;
1.908500e-04 4.632100e-04;
1.203100e-04 2.917900e-04;
1.045400e-03 2.927600e-06;
5.926500e-04 -1.583900e-06;
9.415900e-04 4.388800e-08;
5.585700e-04 2.255800e-07;
6.255700e-04 3.614800e-06;
9.721900e-04 2.313000e-06;
1.948700e-04 4.650700e-04;
1.029300e-04 2.484800e-04;
1.990400e-04 4.787700e-04;
1.185600e-04 2.869600e-04;
8.626600e-04 1.555000e-06;
5.254400e-04 9.197200e-07;
1.074500e-03 1.405900e-06;
1.049300e-03 -5.567200e-06;
5.864500e-04 -3.391200e-06;
1.768200e-04 4.305300e-04;
9.665300e-05 2.347600e-04;
2.050600e-04 4.973800e-04;
1.863200e-04 4.475700e-04;
1.150100e-04 2.763300e-04;
8.799700e-04 6.977400e-08;
4.935600e-04 -7.354700e-07;
1.081200e-03 2.700900e-06;
8.925100e-04 -2.623400e-06;
5.599500e-04 1.332600e-06;
1.718700e-04 4.196600e-04;
8.924600e-05 2.187600e-04;
1.609800e-04 3.999100e-04;
8.206200e-05 2.010600e-04;
2.060000e-04 5.035300e-04;
1.740400e-04 4.223900e-04;
1.104700e-04 2.678000e-04;
8.433100e-04 -2.262200e-06;
4.620000e-04 8.220600e-07;
1.092800e-03 -1.858900e-06;
8.724900e-04 3.045600e-06;
5.184500e-04 2.623600e-07;
1.483400e-04 3.733100e-04;
7.438100e-05 1.882600e-04;
1.310400e-04 3.364200e-04;
6.541200e-05 1.680200e-04;
1.962600e-04 4.948000e-04;
2.028100e-04 5.027700e-04;
1.734800e-04 4.236100e-04;
1.067400e-04 2.577900e-04;
7.877000e-04 2.372800e-06;
4.389600e-04 -1.416100e-07;
1.019200e-03 1.586700e-06;
7.578200e-04 -1.707100e-06;
4.092300e-04 -2.098300e-06;
1.058000e-03 7.244500e-07;
8.285000e-04 -6.784600e-07;
4.800200e-04 3.960900e-07;
7.043700e-04 1.475900e-06;
4.137000e-04 9.079700e-06;
9.487500e-05 1.859600e-04;
6.680700e-04 4.830700e-05;
1.414700e-04 3.299700e-04;
1.856600e-04 4.761300e-04;
1.820900e-04 4.440900e-04;
1.975600e-04 5.027100e-04;
1.799400e-04 4.493800e-04;
1.017800e-04 2.502800e-04;
1.070600e-03 1.126500e-06;
1.023500e-03 2.142000e-06;
1.002100e-03 2.034300e-07;
7.626800e-04 7.326800e-07;
4.516500e-04 -2.308800e-07;
9.697300e-04 1.485800e-05;
2.483400e-04 3.423300e-04;
6.021500e-04 2.606700e-04;
9.162200e-04 9.530600e-05;
2.480300e-04 4.481700e-04;
2.138700e-04 5.080700e-04;
1.685800e-04 4.263800e-04;
1.014200e-04 2.508600e-04;
1.070600e-03 1.722500e-06;
1.040300e-03 -2.852700e-06;
7.282000e-04 -6.403500e-07;
4.247900e-04 3.675400e-07;
1.051800e-03 -2.683200e-06;
4.493100e-04 3.980400e-04;
7.286700e-04 2.103900e-04;
9.184600e-04 2.884000e-06;
3.005500e-04 4.462600e-04;
1.953500e-04 4.070400e-04;
1.017600e-04 2.510000e-04;
9.621800e-04 -1.229800e-05;
7.122100e-04 2.204600e-06;
3.966600e-04 2.111400e-06;
9.256700e-04 -9.147800e-05;
4.651700e-04 2.692800e-04;
6.461800e-04 4.387000e-06;
7.482400e-04 -1.945100e-04;
2.601900e-04 2.371700e-04;
1.094600e-04 2.145800e-04;
7.001700e-04 -4.389200e-05;
3.986600e-04 -8.900900e-06;
6.586700e-04 -2.407500e-04;
3.200900e-04 -2.269400e-05;
4.776200e-04 -2.803000e-04;
4.800400e-04 -3.806600e-04;
1.185800e-04 1.623000e-06;
2.460300e-04 -3.218400e-04;
2.563100e-04 -4.209100e-04;
2.259300e-04 -3.068600e-04;
2.919100e-04 -4.657600e-04;
1.088800e-04 -2.146700e-04;
1.962600e-04 -4.529700e-04;
1.336500e-04 -2.992100e-04;
9.231700e-05 -1.855900e-04;
1.917300e-04 -4.103300e-04;
2.066000e-04 -5.068300e-04;
1.017700e-04 -2.482700e-04;
1.828600e-04 -4.686700e-04;
1.299900e-04 -3.250600e-04;
6.738100e-05 -1.723500e-04;
1.640500e-04 -4.171500e-04;
1.970300e-04 -5.014600e-04;
1.012900e-04 -2.514400e-04;
1.974900e-04 -4.979500e-04;
1.398300e-04 -3.561200e-04;
7.763000e-05 -1.951100e-04;
1.771300e-04 -4.433200e-04;
1.033100e-04 -2.534900e-04;
2.053000e-04 -5.037500e-04;
1.587400e-04 -3.931800e-04;
8.536200e-05 -2.101700e-04;
1.816100e-04 -4.430800e-04;
1.085400e-04 -2.622500e-04;
2.073000e-04 -5.046300e-04;
1.672400e-04 -4.070200e-04;
9.425200e-05 -2.296400e-04;
1.814800e-04 -4.375500e-04;
1.141100e-04 -2.747000e-04;
2.079000e-04 -4.983100e-04;
1.758400e-04 -4.232900e-04;
1.025600e-04 -2.479800e-04;
1.950600e-04 -4.723000e-04;
1.163700e-04 -2.828000e-04;
1.894500e-04 -4.594900e-04;
1.085500e-04 -2.631800e-04;
1.924400e-04 -4.665400e-04;
1.190200e-04 -2.864200e-04;
1.943500e-04 -4.737300e-04;
1.129300e-04 -2.748500e-04;
1.980400e-04 -4.802400e-04;
1.170400e-04 -2.840300e-04;
1.904100e-04 -4.613200e-04;
1.175300e-04 -2.842500e-04;
1.946400e-04 -4.720900e-04;
1.139600e-04 -2.755300e-04;
1.893300e-04 -4.570500e-04;
1.186200e-04 -2.864900e-04;
1.870000e-04 -4.549100e-04;
1.050700e-04 -2.526900e-04;
1.101600e-04 -2.658100e-04;
1.917500e-04 -4.613200e-04;
1.953300e-04 -4.756200e-04;
1.141400e-04 -2.795900e-04;
1.805600e-04 -4.356900e-04;
1.032300e-04 -2.566500e-04;
2.062300e-04 -4.947900e-04;
1.945400e-04 -4.722200e-04;
1.124800e-04 -2.717900e-04;
1.944900e-04 -4.085900e-04;
2.070300e-04 -4.980000e-04;
1.814900e-04 -4.379700e-04;
1.056000e-04 -2.572500e-04;
1.921400e-04 -4.716400e-04;
1.543000e-04 -4.194500e-04;
1.089100e-04 -2.534800e-04;
2.804300e-05 6.413700e-06;
2.211100e-05 7.786500e-06;
2.804300e-05 6.413700e-06;
2.211100e-05 7.786500e-06;
2.428700e-05 7.846100e-06;
2.428700e-05 7.846100e-06;
2.227900e-05 6.827700e-06;
2.227900e-05 6.827700e-06;
2.710700e-05 1.161400e-05;
2.226500e-05 7.176200e-06;
2.226500e-05 7.176200e-06;
2.434600e-05 8.096000e-06;
2.434600e-05 8.096000e-06;
8.965500e-06 -1.847700e-05;
8.965500e-06 -1.847700e-05;
1.361600e-05 -2.219500e-05;
1.361600e-05 -2.219500e-05;
1.033800e-05 -2.019500e-05;
1.033800e-05 -2.019500e-05;
2.114900e-05 6.850700e-06;
2.114900e-05 6.850700e-06;
2.226500e-05 7.483100e-06;
2.226500e-05 7.483100e-06;
9.577700e-06 -1.868000e-05;
9.577700e-06 -1.868000e-05;
1.954000e-05 6.302100e-06;
1.954000e-05 6.302100e-06;
1.813900e-05 5.866700e-06;
1.813900e-05 5.866700e-06;
9.917800e-06 -1.888700e-05;
1.014500e-05 -2.482200e-05;
9.917800e-06 -1.888700e-05;
1.014500e-05 -2.482200e-05;
2.114700e-05 7.038900e-06;
2.114700e-05 7.038900e-06;
9.306100e-06 -1.826100e-05;
9.306100e-06 -1.826100e-05;
1.691300e-05 5.483300e-06;
1.691300e-05 5.483300e-06;
1.069700e-05 -2.138700e-05;
1.069700e-05 -2.138700e-05;
1.968700e-05 6.567200e-06;
1.968700e-05 6.567200e-06;
8.729300e-06 -1.702800e-05;
8.729300e-06 -1.702800e-05;
8.213000e-06 -1.606800e-05;
8.213000e-06 -1.606800e-05;
1.573100e-05 5.075300e-06;
1.573100e-05 5.075300e-06;
1.001900e-05 -2.010300e-05;
1.001900e-05 -2.010300e-05;
1.891200e-05 6.237500e-06;
1.891200e-05 6.237500e-06;
7.666600e-06 -1.499400e-05;
7.666600e-06 -1.499400e-05;
1.468100e-05 4.748800e-06;
1.468100e-05 4.748800e-06;
9.786400e-06 -1.951100e-05;
9.786400e-06 -1.951100e-05;
1.790500e-05 5.997100e-06;
1.790500e-05 5.997100e-06;
7.148400e-06 -1.396400e-05;
7.148400e-06 -1.396400e-05;
6.635400e-06 -1.298000e-05;
6.635400e-06 -1.298000e-05;
1.398000e-05 4.574400e-06;
1.398000e-05 4.574400e-06;
9.218200e-06 -1.842200e-05;
9.218200e-06 -1.842200e-05;
1.658500e-05 5.534800e-06;
1.658500e-05 5.534800e-06;
6.359300e-06 -1.256100e-05;
6.359300e-06 -1.256100e-05;
1.396900e-05 4.636200e-06;
1.396900e-05 4.636200e-06;
8.745600e-06 -1.742200e-05;
8.745600e-06 -1.742200e-05;
1.594100e-05 5.475200e-06;
1.594100e-05 5.475200e-06;
6.429200e-06 -1.275100e-05;
6.429200e-06 -1.275100e-05;
8.133200e-06 -1.633200e-05;
8.133200e-06 -1.633200e-05;
1.463100e-05 4.595700e-06;
1.463100e-05 4.595700e-06;
7.687700e-06 -1.535500e-05;
7.687700e-06 -1.535500e-05;
1.206500e-05 3.315400e-05;
1.444100e-05 6.616100e-06;
1.444100e-05 6.616100e-06;
7.344400e-06 -1.505400e-05;
7.344400e-06 -1.505400e-05;
1.533900e-05 3.220400e-05;
1.206500e-05 3.315400e-05;
1.206500e-05 3.315400e-05;
3.866800e-05 -3.298400e-06;
3.866800e-05 -3.298400e-06;
7.136400e-06 -1.363600e-05;
7.136400e-06 -1.363600e-05;
1.533900e-05 3.220400e-05;
1.533900e-05 3.220400e-05;
1.408900e-05 3.245800e-05;
1.408900e-05 3.245800e-05;
3.016300e-05 -1.417000e-05;
3.016300e-05 -1.417000e-05;
5.467100e-06 -1.487800e-05;
5.467100e-06 -1.487800e-05;
1.343900e-05 3.348600e-05;
1.343900e-05 3.348600e-05;
1.457300e-05 3.470100e-05;
1.457300e-05 3.470100e-05;
1.487700e-05 3.516300e-05;
1.487700e-05 3.516300e-05;
3.129800e-05 -1.230200e-05;
3.129800e-05 -1.230200e-05;
2.987600e-05 -2.506100e-05;
2.987600e-05 -2.506100e-05;
1.483200e-05 3.550100e-05;
1.483200e-05 3.550100e-05;
1.503200e-05 3.561400e-05;
1.503200e-05 3.561400e-05;
3.372500e-05 -1.380400e-05;
3.372500e-05 -1.380400e-05;
3.180500e-05 -1.119400e-05;
3.180500e-05 -1.119400e-05;
1.514800e-05 3.659600e-05;
1.514800e-05 3.659600e-05;
1.488700e-05 3.533300e-05;
1.488700e-05 3.533300e-05;
3.470200e-05 -1.407200e-05;
3.470200e-05 -1.407200e-05;
3.171200e-05 -1.349400e-05;
3.171200e-05 -1.349400e-05;
1.560000e-05 3.753300e-05;
1.560000e-05 3.753300e-05;
1.445400e-05 3.428700e-05;
1.445400e-05 3.428700e-05;
1.376900e-05 3.264500e-05;
1.376900e-05 3.264500e-05;
3.556400e-05 -1.449400e-05;
3.556400e-05 -1.449400e-05;
3.472100e-05 -1.428600e-05;
3.472100e-05 -1.428600e-05;
1.522300e-05 3.675800e-05;
1.522300e-05 3.675800e-05;
1.288400e-05 3.062200e-05;
1.288400e-05 3.062200e-05;
3.532300e-05 -1.436900e-05;
3.532300e-05 -1.436900e-05;
3.577500e-05 -1.485300e-05;
3.577500e-05 -1.485300e-05;
1.463600e-05 3.528500e-05;
1.463600e-05 3.528500e-05;
1.202800e-05 2.853300e-05;
1.202800e-05 2.853300e-05;
3.427000e-05 -1.394200e-05;
3.427000e-05 -1.394200e-05;
3.273400e-05 -1.332800e-05;
3.273400e-05 -1.332800e-05;
3.687500e-05 -1.524100e-05;
3.687500e-05 -1.524100e-05;
1.408900e-05 3.379800e-05;
1.408900e-05 3.379800e-05;
1.117800e-05 2.655800e-05;
1.117800e-05 2.655800e-05;
3.085000e-05 -1.255600e-05;
3.085000e-05 -1.255600e-05;
3.637600e-05 -1.503500e-05;
3.637600e-05 -1.503500e-05;
1.342500e-05 3.241000e-05;
1.342500e-05 3.241000e-05;
1.060900e-05 2.558400e-05;
1.060900e-05 2.558400e-05;
2.863200e-05 -1.163600e-05;
2.863200e-05 -1.163600e-05;
2.676700e-05 -1.092400e-05;
2.676700e-05 -1.092400e-05;
3.534900e-05 -1.459500e-05;
3.534900e-05 -1.459500e-05;
1.279900e-05 3.081600e-05;
1.279900e-05 3.081600e-05;
1.070400e-05 2.577900e-05;
1.070400e-05 2.577900e-05;
2.580400e-05 -1.067400e-05;
2.580400e-05 -1.067400e-05;
3.395200e-05 -1.399400e-05;
3.395200e-05 -1.399400e-05;
1.204000e-05 2.999900e-05;
1.204000e-05 2.999900e-05;
2.610500e-05 -1.077300e-05;
2.610500e-05 -1.077300e-05;
3.230400e-05 -1.341100e-05;
3.230400e-05 -1.341100e-05;
1.222400e-05 2.747900e-05;
1.222400e-05 2.747900e-05;
3.052700e-05 -1.259600e-05;
3.052700e-05 -1.259600e-05;
8.342500e-06 3.079300e-05;
8.342500e-06 3.079300e-05;
2.961900e-05 -1.263800e-05;
2.961900e-05 -1.263800e-05;
-3.014500e-05 6.387000e-05;
6.180400e-05 5.443700e-05;
6.180400e-05 5.443700e-05;
2.731100e-05 -1.053200e-05;
2.731100e-05 -1.053200e-05;
-3.014500e-05 6.387000e-05;
-3.014500e-05 6.387000e-05;
-2.354100e-05 6.742600e-05;
6.807100e-05 2.462300e-05;
6.807100e-05 2.462300e-05;
2.707300e-05 -1.559800e-05;
2.707300e-05 -1.559800e-05;
-2.577600e-05 6.552900e-05;
-2.577600e-05 6.552900e-05;
-2.354100e-05 6.742600e-05;
-2.354100e-05 6.742600e-05;
6.681000e-05 2.901500e-05;
6.681000e-05 2.901500e-05;
8.100200e-05 5.328700e-06;
8.100200e-05 5.328700e-06;
-2.856300e-05 6.985500e-05;
-2.856300e-05 6.985500e-05;
-2.873200e-05 7.095400e-05;
-2.873200e-05 7.095400e-05;
-2.835800e-05 6.620200e-05;
-2.835800e-05 6.620200e-05;
7.216100e-05 3.024400e-05;
7.216100e-05 3.024400e-05;
6.369000e-05 3.068300e-05;
6.369000e-05 3.068300e-05;
-2.930900e-05 7.201000e-05;
-2.930900e-05 7.201000e-05;
-2.907500e-05 7.087700e-05;
-2.907500e-05 7.087700e-05;
7.306300e-05 3.088700e-05;
7.306300e-05 3.088700e-05;
6.626100e-05 2.661300e-05;
6.626100e-05 2.661300e-05;
-2.918600e-05 7.165300e-05;
-2.918600e-05 7.165300e-05;
-3.022600e-05 7.282600e-05;
-3.022600e-05 7.282600e-05;
7.410300e-05 3.123800e-05;
7.410300e-05 3.123800e-05;
7.069900e-05 2.950100e-05;
7.069900e-05 2.950100e-05;
-2.828300e-05 6.954400e-05;
-2.828300e-05 6.954400e-05;
-2.677400e-05 6.586000e-05;
-2.677400e-05 6.586000e-05;
-3.071600e-05 7.441000e-05;
-3.071600e-05 7.441000e-05;
7.274300e-05 3.068300e-05;
7.274300e-05 3.068300e-05;
7.225300e-05 2.984500e-05;
7.225300e-05 2.984500e-05;
-2.516900e-05 6.168200e-05;
-2.516900e-05 6.168200e-05;
-3.019300e-05 7.298700e-05;
-3.019300e-05 7.298700e-05;
7.038800e-05 2.967300e-05;
7.038800e-05 2.967300e-05;
6.668200e-05 2.812100e-05;
6.668200e-05 2.812100e-05;
7.358100e-05 3.058000e-05;
7.358100e-05 3.058000e-05;
-2.347200e-05 5.760500e-05;
-2.347200e-05 5.760500e-05;
-2.915000e-05 7.049400e-05;
-2.915000e-05 7.049400e-05;
-2.173600e-05 5.340600e-05;
-2.173600e-05 5.340600e-05;
6.269700e-05 2.635700e-05;
6.269700e-05 2.635700e-05;
7.240200e-05 3.003700e-05;
7.240200e-05 3.003700e-05;
-2.785600e-05 6.763100e-05;
-2.785600e-05 6.763100e-05;
-2.119300e-05 5.109700e-05;
-2.119300e-05 5.109700e-05;
5.826700e-05 2.458900e-05;
5.826700e-05 2.458900e-05;
5.402200e-05 2.271300e-05;
5.402200e-05 2.271300e-05;
6.987800e-05 2.902100e-05;
6.987800e-05 2.902100e-05;
-2.684600e-05 6.482200e-05;
-2.684600e-05 6.482200e-05;
-2.138100e-05 5.175000e-05;
-2.138100e-05 5.175000e-05;
5.219800e-05 2.162800e-05;
5.219800e-05 2.162800e-05;
6.720900e-05 2.797800e-05;
6.720900e-05 2.797800e-05;
-2.549400e-05 6.180100e-05;
-2.549400e-05 6.180100e-05;
5.261600e-05 2.185500e-05;
5.261600e-05 2.185500e-05;
6.398300e-05 2.644400e-05;
6.398300e-05 2.644400e-05;
-2.555100e-05 5.969600e-05;
-2.555100e-05 5.969600e-05;
6.068700e-05 2.522800e-05;
6.068700e-05 2.522800e-05;
-2.148200e-05 5.579500e-05;
-2.148200e-05 5.579500e-05;
5.918600e-05 2.374800e-05;
5.918600e-05 2.374800e-05;
-3.208700e-05 5.586300e-05;
-3.208700e-05 5.586300e-05;
5.327500e-05 2.367200e-05;
5.327500e-05 2.367200e-05;
1.146100e-05 1.672000e-04;
1.146100e-05 1.672000e-04;
5.899000e-05 1.566700e-05;
5.899000e-05 1.566700e-05;
6.394300e-05 1.345600e-04;
6.394300e-05 1.345600e-04;
1.060900e-04 1.202800e-04;
1.060900e-04 1.202800e-04;
5.544200e-05 1.384500e-04;
5.544200e-05 1.384500e-04;
4.610300e-05 1.315400e-04;
4.610300e-05 1.315400e-04;
3.670900e-04 -2.964300e-05;
3.670900e-04 -2.964300e-05;
5.947500e-04 -4.537000e-18;
2.500000e-04 0;
5.966700e-05 1.437700e-04;
5.966700e-05 1.437700e-04;
5.526200e-05 1.291500e-04;
5.526200e-05 1.291500e-04;
3.472200e-04 8.492100e-06;
3.472200e-04 8.492100e-06;
5.804900e-05 1.413400e-04;
5.804900e-05 1.413400e-04;
5.812000e-05 1.412600e-04;
5.812000e-05 1.412600e-04;
3.384000e-04 -1.917300e-06;
3.384000e-04 -1.917300e-06;
3.732300e-04 2.999800e-05;
5.974800e-04 -8.860800e-18;
3.732300e-04 2.999800e-05;
2.500000e-04 0;
5.759600e-05 1.397800e-04;
5.759600e-05 1.397800e-04;
5.528700e-05 1.342300e-04;
5.528700e-05 1.342300e-04;
6.044400e-05 1.455800e-04;
6.044400e-05 1.455800e-04;
3.172800e-04 4.052000e-07;
3.172800e-04 4.052000e-07;
2.978000e-04 1.464200e-07;
2.978000e-04 1.464200e-07;
3.453200e-04 -8.844500e-06;
3.453200e-04 -8.844500e-06;
5.296700e-05 1.283500e-04;
5.296700e-05 1.283500e-04;
6.112800e-05 1.480900e-04;
6.112800e-05 1.480900e-04;
2.783400e-04 2.759100e-07;
2.783400e-04 2.759100e-07;
3.403400e-04 1.876700e-06;
3.403400e-04 1.876700e-06;
5.099700e-05 1.230300e-04;
5.099700e-05 1.230300e-04;
6.019600e-05 1.450800e-04;
6.019600e-05 1.450800e-04;
2.607300e-04 8.480300e-08;
2.607300e-04 8.480300e-08;
3.169100e-04 -1.502800e-07;
3.169100e-04 -1.502800e-07;
4.779500e-05 1.159500e-04;
4.779500e-05 1.159500e-04;
4.391600e-05 1.071700e-04;
4.391600e-05 1.071700e-04;
5.764100e-05 1.391200e-04;
5.764100e-05 1.391200e-04;
2.428100e-04 -2.096500e-07;
2.428100e-04 -2.096500e-07;
2.954300e-04 -9.655000e-08;
2.954300e-04 -9.655000e-08;
3.998900e-05 9.709100e-05;
3.998900e-05 9.709100e-05;
3.698600e-05 9.201800e-05;
3.698600e-05 9.201800e-05;
5.531000e-05 1.341100e-04;
5.531000e-05 1.341100e-04;
2.251900e-04 3.915500e-07;
2.251900e-04 3.915500e-07;
2.148600e-04 -8.266900e-08;
2.148600e-04 -8.266900e-08;
2.785700e-04 -6.954600e-07;
2.785700e-04 -6.954600e-07;
1.948200e-04 -6.928200e-07;
1.948200e-04 -6.928200e-07;
2.980700e-05 7.516900e-05;
2.980700e-05 7.516900e-05;
5.340200e-05 1.288100e-04;
5.340200e-05 1.288100e-04;
2.562600e-04 1.352400e-07;
2.562600e-04 1.352400e-07;
5.068800e-05 1.233000e-04;
5.068800e-05 1.233000e-04;
2.360800e-04 4.672100e-08;
2.360800e-04 4.672100e-08;
5.109300e-05 1.251900e-04;
5.109300e-05 1.251900e-04;
2.192500e-04 -2.189000e-07;
2.192500e-04 -2.189000e-07;
5.014200e-05 1.223000e-04;
5.014200e-05 1.223000e-04;
2.075900e-04 1.275800e-07;
2.075900e-04 1.275800e-07;
5.353300e-05 1.244600e-04;
5.353300e-05 1.244600e-04;
1.883300e-04 6.918000e-07;
1.883300e-04 6.918000e-07;
3.632900e-05 -9.411100e-08;
3.632900e-05 -9.411100e-08;
5.316100e-05 -1.239900e-04;
5.316100e-05 -1.239900e-04;
4.981200e-05 -1.208300e-04;
4.981200e-05 -1.208300e-04;
3.085000e-05 -7.765200e-05;
3.085000e-05 -7.765200e-05;
5.115300e-05 -1.256000e-04;
5.115300e-05 -1.256000e-04;
3.853400e-05 -9.554400e-05;
3.853400e-05 -9.554400e-05;
5.130700e-05 -1.249800e-04;
5.130700e-05 -1.249800e-04;
4.173700e-05 -1.017000e-04;
4.173700e-05 -1.017000e-04;
5.455900e-05 -1.315200e-04;
5.455900e-05 -1.315200e-04;
4.656600e-05 -1.134200e-04;
4.656600e-05 -1.134200e-04;
5.697300e-05 -1.378300e-04;
5.697300e-05 -1.378300e-04;
5.084100e-05 -1.229800e-04;
5.084100e-05 -1.229800e-04;
5.891700e-05 -1.425600e-04;
5.891700e-05 -1.425600e-04;
5.439300e-05 -1.315900e-04;
5.439300e-05 -1.315900e-04;
6.005800e-05 -1.451000e-04;
6.005800e-05 -1.451000e-04;
5.707100e-05 -1.384700e-04;
5.707100e-05 -1.384700e-04;
5.952900e-05 -1.440300e-04;
5.952900e-05 -1.440300e-04;
5.928200e-05 -1.439200e-04;
5.928200e-05 -1.439200e-04;
5.737800e-05 -1.381500e-04;
5.737800e-05 -1.381500e-04;
5.519500e-05 -1.342500e-04;
5.519500e-05 -1.342500e-04;
5.984600e-05 -1.448100e-04;
5.984600e-05 -1.448100e-04;
5.318100e-05 -1.240300e-04;
5.318100e-05 -1.240300e-04;
5.787100e-05 -1.409400e-04;
5.787100e-05 -1.409400e-04;
4.486600e-05 -1.288100e-04;
4.486600e-05 -1.288100e-04;
5.692800e-05 -1.370300e-04;
5.692800e-05 -1.370300e-04;
5.059800e-05 -1.273600e-04;
5.059800e-05 -1.273600e-04;
5.911300e-05 -1.225300e-04;
5.911300e-05 -1.225300e-04;
5.911300e-05 -1.225300e-04;
