3.601100e-04 1.174000e-04;
3.577400e-04 1.176300e-04;
2.726100e-04 6.945800e-05;
2.663500e-04 1.062000e-04;
1.752300e-04 -3.454000e-04;
1.333900e-04 -2.229300e-04;
1.578900e-04 -3.116800e-04;
1.596500e-04 -3.178000e-04;
1.040400e-04 -2.453900e-04;
3.685900e-05 -7.253400e-05;
2.140800e-04 -2.359400e-05;
3.685900e-05 -7.253400e-05;
7.803700e-05 2.541800e-05;
7.803700e-05 2.541800e-05;
5.989300e-05 1.418600e-04;
5.989300e-05 1.418600e-04;
3.136600e-04 2.873800e-04;
1.449200e-04 -5.885700e-05;
1.449200e-04 -5.885700e-05;
-1.185300e-04 2.914100e-04;
-1.185300e-04 2.914100e-04;
3.754900e-05 8.668300e-04;
2.960700e-04 1.248300e-04;
2.960700e-04 1.248300e-04;
5.477000e-03 4.932400e-17;
3.929500e-03 -3.474800e-17;
5.240700e-03 8.138600e-05;
5.200900e-03 -9.954300e-05;
1.103200e-03 1.504600e-05;
1.103200e-03 1.504600e-05;
3.308100e-03 1.302300e-03;
1.951200e-04 4.194000e-04;
1.951200e-04 4.194000e-04;
1.062500e-03 -1.308300e-05;
1.922800e-04 -4.147000e-04;
1.062500e-03 -1.308300e-05;
1.922800e-04 -4.147000e-04;
1.922800e-04 -4.147000e-04;
2.457500e-04 8.305300e-05;
3.564200e-04 1.174800e-04;
2.473400e-04 8.179600e-05;
2.446100e-04 7.766000e-05;
3.552100e-04 1.163700e-04;
2.383100e-04 7.592300e-05;
2.513700e-04 8.285200e-05;
1.019100e-04 -2.098000e-04;
3.353400e-04 1.110200e-04;
3.381700e-04 1.102500e-04;
2.255500e-04 7.368300e-05;
2.372900e-04 7.862400e-05;
1.540400e-04 -3.066600e-04;
1.084000e-04 -2.099500e-04;
1.032300e-04 -2.033700e-04;
1.752000e-04 -3.447600e-04;
1.109700e-04 -2.121900e-04;
3.570000e-04 1.184100e-04;
3.383600e-04 1.100300e-04;
2.117600e-04 6.861800e-05;
2.247700e-04 7.509000e-05;
1.607300e-04 -3.183400e-04;
1.004100e-04 -1.968300e-04;
1.662500e-04 -3.288100e-04;
1.109100e-04 -2.216600e-04;
3.525900e-04 1.149000e-04;
3.355100e-04 1.099500e-04;
1.984700e-04 6.402700e-05;
3.090500e-04 1.007500e-04;
1.871100e-04 6.099000e-05;
2.139500e-04 7.077600e-05;
1.582500e-04 -3.113000e-04;
9.526500e-05 -1.867500e-04;
1.650900e-04 -3.277900e-04;
1.076400e-04 -2.159500e-04;
3.572900e-04 1.165400e-04;
2.959600e-04 9.600700e-05;
1.748700e-04 5.662700e-05;
3.616500e-04 1.195600e-04;
2.059000e-04 6.818500e-05;
1.568000e-04 -3.082500e-04;
9.074300e-05 -1.772300e-04;
1.470900e-04 -2.888100e-04;
8.475800e-05 -1.665900e-04;
1.671100e-04 -3.308300e-04;
1.048400e-04 -2.081100e-04;
3.246200e-04 1.066900e-04;
2.998500e-04 9.845600e-05;
1.644600e-04 5.362900e-05;
3.685800e-04 1.221500e-04;
2.973700e-04 9.957600e-05;
1.579000e-04 5.213500e-05;
1.963300e-04 6.569300e-05;
1.439800e-04 -2.850300e-04;
7.996500e-05 -1.562500e-04;
1.700000e-04 -3.402400e-04;
1.716600e-04 -3.381400e-04;
1.009000e-04 -1.996500e-04;
3.127400e-04 1.042200e-04;
3.674700e-04 1.231800e-04;
3.626200e-04 1.246500e-04;
2.710100e-04 9.445400e-05;
1.566200e-04 5.387100e-05;
1.840000e-04 6.163600e-05;
1.387600e-04 -2.728100e-04;
7.468900e-05 -1.465500e-04;
1.285300e-04 -2.567500e-04;
7.151500e-05 -1.426200e-04;
1.746900e-04 -3.455800e-04;
1.535700e-04 -3.057000e-04;
9.511000e-05 -1.909500e-04;
3.206600e-04 1.097100e-04;
3.591200e-04 1.284600e-04;
3.542500e-04 1.273600e-04;
2.741400e-04 9.565200e-05;
1.599300e-04 5.161800e-05;
1.755200e-04 6.052400e-05;
1.185100e-04 -2.436200e-04;
7.126000e-05 -1.445100e-04;
1.570700e-04 -3.260300e-04;
1.739900e-04 -3.502600e-04;
1.482000e-04 -2.958000e-04;
8.951900e-05 -1.796700e-04;
2.895400e-04 1.028000e-04;
7.616200e-05 -1.484600e-04;
3.608000e-04 1.244800e-04;
3.499600e-04 1.088400e-04;
2.517300e-04 6.851600e-05;
1.614400e-04 5.609900e-05;
1.197600e-04 -2.468500e-04;
1.191900e-04 -2.197100e-04;
1.569500e-04 -3.300400e-04;
1.672700e-04 -3.473400e-04;
1.418500e-04 -2.906100e-04;
8.518400e-05 -1.706900e-04;
2.884800e-04 9.481100e-05;
2.140800e-04 -2.359400e-05;
1.766000e-04 -1.587300e-04;
3.876000e-04 7.353700e-05;
3.538000e-04 2.646600e-05;
2.742400e-04 6.546200e-04;
1.917900e-04 5.684400e-05;
1.708900e-04 -3.246700e-04;
1.908800e-04 -2.746900e-04;
1.681500e-04 -3.403400e-04;
1.298900e-04 -2.718000e-04;
8.085800e-05 -1.657000e-04;
3.661400e-04 4.012200e-05;
3.350700e-04 -1.146700e-04;
2.719400e-04 -2.430500e-04;
4.801000e-04 -8.416200e-05;
2.631700e-04 5.688000e-04;
1.483600e-04 3.625400e-04;
2.182300e-04 5.946800e-04;
2.865700e-04 6.875000e-04;
3.791200e-04 -5.031200e-05;
2.285500e-04 -3.294500e-04;
1.502600e-04 -2.753600e-04;
7.518300e-05 -1.550400e-04;
5.451500e-04 -1.236900e-04;
4.101800e-04 -2.762700e-04;
5.760100e-04 -2.367900e-04;
1.546900e-04 3.638100e-04;
2.495300e-04 5.932500e-04;
1.532200e-04 3.616800e-04;
2.474400e-04 5.931500e-04;
2.894800e-04 6.841000e-04;
5.722500e-04 -2.016600e-04;
3.437800e-04 -1.442200e-04;
3.171100e-04 -2.990400e-04;
9.428100e-05 -1.749600e-04;
6.605400e-04 -2.735600e-04;
4.926300e-04 -2.958300e-04;
1.548500e-04 3.698800e-04;
2.545100e-04 6.073900e-04;
1.584500e-04 3.781500e-04;
2.797600e-04 6.769100e-04;
5.929100e-04 -2.430500e-04;
3.479000e-04 -1.406200e-04;
6.893500e-04 -2.820100e-04;
3.048700e-04 -2.326700e-04;
5.612100e-04 -2.475100e-04;
1.580900e-04 3.849900e-04;
2.762900e-04 6.543600e-04;
1.635800e-04 3.844500e-04;
2.616700e-04 6.230900e-04;
2.568700e-04 6.082500e-04;
1.617700e-04 3.865400e-04;
6.122800e-04 -2.484800e-04;
3.675000e-04 -1.501000e-04;
6.927400e-04 -2.846100e-04;
5.820900e-04 -2.393800e-04;
3.502800e-04 -1.392100e-04;
1.671100e-04 3.976900e-04;
2.846900e-04 6.773400e-04;
2.701000e-04 6.513200e-04;
1.625700e-04 3.865900e-04;
6.330800e-04 -2.613300e-04;
3.800100e-04 -1.541500e-04;
6.877600e-04 -2.784800e-04;
5.856200e-04 -2.407600e-04;
3.539000e-04 -1.468100e-04;
1.687800e-04 4.065900e-04;
2.769700e-04 6.695100e-04;
2.721500e-04 6.475400e-04;
1.579500e-04 3.756100e-04;
6.322000e-04 -2.592500e-04;
3.873600e-04 -1.582700e-04;
6.474500e-04 -2.650500e-04;
3.784300e-04 -1.553700e-04;
1.655300e-04 3.989700e-04;
2.825100e-04 6.758400e-04;
2.701000e-04 6.448300e-04;
1.521100e-04 3.598900e-04;
2.581400e-04 6.128100e-04;
1.433300e-04 3.403100e-04;
6.432500e-04 -2.619900e-04;
3.857300e-04 -1.574200e-04;
6.410600e-04 -2.667900e-04;
3.911500e-04 -1.625300e-04;
1.601000e-04 3.850500e-04;
2.890200e-04 6.862100e-04;
2.898500e-04 6.953600e-04;
2.339300e-04 5.606600e-04;
1.338500e-04 3.194000e-04;
6.324900e-04 -2.607200e-04;
3.761200e-04 -1.531000e-04;
6.656200e-04 -2.726200e-04;
3.997200e-04 -1.640900e-04;
1.547800e-04 3.719100e-04;
2.657300e-04 6.364500e-04;
2.917600e-04 7.065400e-04;
2.391400e-04 5.736900e-04;
1.256100e-04 2.997000e-04;
2.218400e-04 5.469400e-04;
1.188900e-04 2.916300e-04;
6.261100e-04 -2.555200e-04;
3.610300e-04 -1.472800e-04;
6.116200e-04 -2.479600e-04;
3.432900e-04 -1.394400e-04;
6.382800e-04 -2.594300e-04;
3.946400e-04 -1.638600e-04;
1.479600e-04 3.573200e-04;
2.530700e-04 6.112000e-04;
2.095100e-04 5.303600e-04;
1.187100e-04 2.929700e-04;
2.901400e-04 7.127500e-04;
2.614600e-04 6.711900e-04;
5.517800e-04 -2.269200e-04;
3.200100e-04 -1.305800e-04;
6.950700e-04 -2.876700e-04;
6.524100e-04 -2.695600e-04;
3.873800e-04 -1.587600e-04;
1.413400e-04 3.428200e-04;
2.428000e-04 6.063500e-04;
2.093600e-04 5.119600e-04;
1.250500e-04 2.897200e-04;
2.620300e-04 6.687400e-04;
2.762900e-04 7.061900e-04;
2.041400e-04 4.249500e-04;
5.294900e-04 -2.230500e-04;
3.016100e-04 -1.237600e-04;
2.926500e-04 -1.229500e-04;
5.606200e-04 -2.289800e-04;
7.044300e-04 -2.910200e-04;
5.984000e-04 -2.477900e-04;
3.731300e-04 -1.544300e-04;
1.318900e-04 3.306500e-04;
2.226200e-04 5.695700e-04;
2.975900e-04 -1.175200e-04;
2.939900e-04 6.449300e-04;
2.848200e-04 7.039100e-04;
3.136600e-04 2.873800e-04;
3.423400e-04 5.306400e-04;
4.957100e-04 -2.148600e-04;
2.943900e-04 -1.244600e-04;
6.556800e-04 -2.867100e-04;
7.104700e-04 -2.995100e-04;
5.886300e-04 -2.440900e-04;
3.558700e-04 -1.475200e-04;
1.255600e-04 3.089100e-04;
2.665300e-04 5.787900e-04;
5.013000e-04 -2.113700e-04;
4.536400e-04 -1.647200e-04;
4.389800e-04 -9.832800e-06;
5.853300e-04 2.251500e-04;
4.147200e-04 6.690500e-04;
5.617000e-04 4.702200e-04;
6.593000e-04 -2.901000e-04;
6.928300e-04 -3.011200e-04;
5.741700e-04 -2.463100e-04;
3.396000e-04 -1.409600e-04;
1.637600e-04 3.638900e-04;
4.439400e-04 5.939400e-04;
6.682400e-04 -2.508100e-04;
6.396400e-04 -1.379000e-04;
7.419500e-04 3.607300e-05;
8.178800e-04 3.216000e-04;
7.409800e-04 5.858200e-04;
6.859900e-04 -2.919000e-04;
5.420800e-04 -2.377400e-04;
3.256000e-04 -1.393200e-04;
-5.258900e-04 1.297600e-03;
6.246900e-04 4.916800e-04;
9.275000e-04 6.101700e-04;
7.677800e-04 -1.772100e-04;
9.311300e-04 8.357500e-05;
1.078300e-03 4.378800e-04;
5.899300e-04 -2.188300e-04;
2.995100e-04 -1.282600e-04;
-4.227900e-04 1.158000e-03;
-3.046900e-04 7.225800e-04;
-5.641000e-04 1.373900e-03;
-5.384200e-04 1.155200e-03;
1.150300e-03 5.517900e-04;
7.399100e-04 3.071500e-04;
1.297400e-03 5.292000e-04;
7.789100e-04 -5.886100e-05;
1.087100e-03 2.340200e-04;
3.667800e-04 -1.369500e-04;
-4.868700e-04 1.191300e-03;
-2.936900e-04 7.267600e-04;
-5.568200e-04 1.369300e-03;
-5.041400e-04 1.233200e-03;
-2.940400e-04 7.355300e-04;
1.214100e-03 5.124200e-04;
7.429000e-04 3.128200e-04;
1.368300e-03 5.744000e-04;
1.132900e-03 4.284500e-04;
7.791800e-04 9.144300e-05;
-5.068300e-04 1.237500e-03;
-3.128000e-04 7.593800e-04;
-5.461800e-04 1.310800e-03;
-3.070400e-04 7.395200e-04;
1.276100e-03 5.282600e-04;
7.792500e-04 3.288800e-04;
1.366400e-03 5.755500e-04;
1.177200e-03 4.913700e-04;
7.212000e-04 3.112900e-04;
-5.450900e-04 1.348100e-03;
-3.100600e-04 7.760500e-04;
-4.944600e-04 1.211600e-03;
-3.208700e-04 7.809500e-04;
-5.172500e-04 1.257600e-03;
-3.183400e-04 7.667800e-04;
1.265500e-03 5.301200e-04;
7.947500e-04 3.347100e-04;
1.293300e-03 5.385600e-04;
7.346900e-04 3.048800e-04;
-5.329800e-04 1.289400e-03;
-3.194600e-04 7.806400e-04;
-5.626300e-04 1.382700e-03;
-3.237800e-04 7.949100e-04;
1.267400e-03 5.300100e-04;
8.037800e-04 3.393100e-04;
1.287400e-03 5.348600e-04;
7.681300e-04 3.184000e-04;
-5.349600e-04 1.309300e-03;
-3.096400e-04 7.610100e-04;
-5.493200e-04 1.332400e-03;
-3.345600e-04 8.055600e-04;
1.262000e-03 5.327400e-04;
7.911000e-04 3.301400e-04;
1.280400e-03 5.365700e-04;
7.871600e-04 3.248500e-04;
-5.249400e-04 1.282900e-03;
-2.942900e-04 7.267000e-04;
-4.882800e-04 1.198600e-03;
-2.799500e-04 6.855100e-04;
-5.518000e-04 1.343300e-03;
-3.273500e-04 7.941800e-04;
1.322000e-03 5.552800e-04;
7.679400e-04 3.251200e-04;
1.286200e-03 5.327700e-04;
7.970100e-04 3.327900e-04;
-4.622600e-04 1.122100e-03;
-2.633400e-04 6.418200e-04;
-5.733600e-04 1.390300e-03;
-5.650500e-04 1.385200e-03;
-3.174500e-04 7.709000e-04;
1.267500e-03 5.281600e-04;
7.357500e-04 3.101500e-04;
1.233400e-03 5.244200e-04;
6.928400e-04 2.908100e-04;
1.280800e-03 5.415400e-04;
7.883100e-04 3.267200e-04;
-4.662300e-04 1.123900e-03;
-2.465400e-04 6.043100e-04;
-4.198000e-04 9.903700e-04;
-2.481500e-04 5.827900e-04;
-5.875800e-04 1.411300e-03;
-5.218500e-04 1.272500e-03;
-3.073500e-04 7.433100e-04;
1.176800e-03 4.907200e-04;
6.520800e-04 2.746600e-04;
1.388500e-03 5.721600e-04;
1.314600e-03 5.472900e-04;
7.633600e-04 3.196600e-04;
-4.536200e-04 1.037600e-03;
-2.505700e-04 5.900500e-04;
-5.804900e-04 1.297200e-03;
-6.038500e-04 1.424700e-03;
-4.915600e-04 1.186700e-03;
-2.967100e-04 7.149300e-04;
1.124200e-03 4.702500e-04;
6.100800e-04 2.548200e-04;
1.068300e-03 4.330200e-04;
5.979600e-04 2.425500e-04;
1.408900e-03 5.893900e-04;
1.215200e-03 5.029700e-04;
7.408200e-04 3.072400e-04;
-4.223800e-04 9.922800e-04;
-2.384900e-04 5.978500e-04;
-3.088000e-04 8.982800e-04;
-5.903600e-04 1.321000e-03;
-6.170300e-04 1.386300e-03;
-4.909300e-04 1.147100e-03;
-2.854700e-04 6.851400e-04;
6.017200e-04 2.600800e-04;
1.019100e-03 3.969100e-04;
6.049300e-04 2.431900e-04;
1.343200e-03 5.197700e-04;
1.431500e-03 5.765700e-04;
1.208000e-03 5.000200e-04;
7.049800e-04 2.922100e-04;
3.754900e-05 8.668300e-04;
-5.050400e-04 1.343400e-03;
-2.765600e-04 1.282600e-03;
-5.885300e-04 1.372300e-03;
-4.809400e-04 1.071700e-03;
-2.819800e-04 6.510300e-04;
1.052300e-03 4.255500e-04;
8.983100e-04 4.303600e-04;
6.416700e-04 6.250000e-04;
5.192600e-04 1.175300e-03;
1.371700e-03 5.228200e-04;
1.407100e-03 5.448200e-04;
1.178800e-03 4.658900e-04;
6.767800e-04 2.785000e-04;
1.278200e-04 1.481200e-03;
-3.619300e-04 1.529700e-03;
-4.416000e-04 1.169900e-03;
-2.572500e-04 6.001400e-04;
1.309300e-03 5.917100e-04;
1.114000e-03 7.164500e-04;
1.005200e-03 1.122100e-03;
7.067200e-04 1.633800e-03;
1.381000e-03 5.482200e-04;
1.145200e-03 4.375200e-04;
6.478400e-04 2.575800e-04;
2.195200e-04 1.885100e-03;
-1.947700e-04 1.466800e-03;
-2.780500e-04 7.398000e-04;
9.117700e-04 2.153600e-03;
1.336900e-03 8.280200e-04;
1.197200e-03 1.452400e-03;
1.125400e-03 5.123800e-04;
5.920600e-04 2.353800e-04;
4.568100e-04 2.174900e-03;
2.075100e-04 1.588700e-03;
1.092900e-03 2.587500e-03;
1.202000e-03 1.867700e-03;
1.158200e-03 9.721000e-04;
6.861900e-04 3.096500e-04;
8.869500e-04 2.438700e-03;
6.358100e-04 1.511200e-03;
1.127400e-03 2.738300e-03;
9.926200e-04 2.206800e-03;
9.571500e-04 1.217300e-03;
1.019700e-03 2.433600e-03;
6.286700e-04 1.529700e-03;
1.134800e-03 2.711900e-03;
9.639700e-04 2.321000e-03;
5.747400e-04 1.440100e-03;
3.868900e-03 -2.013400e-04;
1.041100e-03 2.528400e-03;
6.438300e-04 1.561900e-03;
1.030600e-03 2.489500e-03;
6.044700e-04 1.447800e-03;
3.918500e-03 2.051100e-04;
6.037300e-03 1.600900e-05;
3.799800e-03 2.050500e-05;
1.042800e-03 2.531000e-03;
6.363100e-04 1.544200e-03;
1.075800e-03 2.602500e-03;
6.272100e-04 1.530000e-03;
3.770200e-03 -2.232700e-05;
5.693000e-03 -6.038000e-06;
3.610800e-03 -1.520400e-05;
5.551900e-03 -4.509100e-05;
1.056600e-03 2.577600e-03;
6.281100e-04 1.523600e-03;
1.046400e-03 2.552600e-03;
6.598300e-04 1.582000e-03;
5.370700e-03 -3.116100e-06;
3.439000e-03 2.002900e-05;
3.632100e-03 -1.546300e-05;
5.825000e-03 1.053800e-05;
1.054500e-03 2.574500e-03;
6.026000e-04 1.470800e-03;
1.003500e-03 2.411200e-03;
5.897000e-04 1.416500e-03;
1.052500e-03 2.548000e-03;
6.624100e-04 1.606100e-03;
5.735700e-03 2.354100e-05;
3.263400e-03 -1.456300e-05;
5.194200e-03 6.323400e-06;
3.078300e-03 1.439100e-06;
3.452500e-03 2.622300e-05;
5.363900e-03 1.987000e-05;
1.071900e-03 2.557500e-03;
5.664100e-04 1.368200e-03;
1.094500e-03 2.629300e-03;
6.519900e-04 1.578200e-03;
4.754200e-03 1.105000e-05;
2.898300e-03 7.891700e-06;
5.901900e-03 9.718500e-06;
5.768600e-03 -3.220900e-05;
3.224000e-03 -2.121200e-05;
9.733000e-04 2.367700e-03;
5.322100e-04 1.292500e-03;
1.123000e-03 2.730900e-03;
1.021500e-03 2.464100e-03;
6.326700e-04 1.518500e-03;
4.839500e-03 -2.937300e-06;
2.719000e-03 -8.200700e-06;
5.936600e-03 1.078600e-05;
4.905100e-03 -2.597600e-05;
3.081900e-03 9.411400e-06;
9.414700e-04 2.306800e-03;
4.881400e-04 1.202300e-03;
8.657900e-04 2.193200e-03;
4.391200e-04 1.092300e-03;
1.130100e-03 2.767500e-03;
9.561100e-04 2.324700e-03;
6.075400e-04 1.472800e-03;
4.645800e-03 -1.847000e-05;
2.540800e-03 4.590600e-06;
6.009000e-03 -1.264900e-05;
4.797300e-03 1.921800e-05;
2.858300e-03 5.257800e-08;
7.715900e-04 2.023200e-03;
3.796800e-04 9.936300e-04;
6.505700e-04 1.784800e-03;
3.097900e-04 8.428500e-04;
1.039800e-03 2.725600e-03;
1.099500e-03 2.768700e-03;
9.521000e-04 2.338200e-03;
5.871200e-04 1.418500e-03;
4.335200e-03 2.225300e-05;
2.418300e-03 1.777300e-06;
5.600700e-03 8.371400e-06;
4.173000e-03 -1.169400e-05;
2.266800e-03 -8.366600e-06;
5.816200e-03 -4.048000e-07;
4.561600e-03 1.357800e-07;
2.644000e-03 3.996500e-06;
3.887800e-03 1.908200e-05;
2.282800e-03 4.418600e-05;
4.596000e-04 8.926200e-04;
3.670600e-03 2.155600e-04;
6.882800e-04 1.698700e-03;
9.437700e-04 2.603400e-03;
9.087100e-04 2.389100e-03;
1.034100e-03 2.803800e-03;
9.716500e-04 2.506900e-03;
5.583600e-04 1.386000e-03;
5.873000e-03 1.071300e-05;
5.621900e-03 1.835300e-05;
5.516400e-03 6.934300e-07;
4.203300e-03 2.436500e-06;
2.487100e-03 -2.286400e-07;
5.322900e-03 7.663800e-05;
1.289000e-03 1.721700e-03;
3.308100e-03 1.302300e-03;
5.059900e-03 4.506100e-04;
1.295500e-03 2.396800e-03;
1.115700e-03 2.845900e-03;
9.089600e-04 2.440000e-03;
5.611600e-04 1.424700e-03;
5.860300e-03 1.177100e-05;
5.711200e-03 -2.134600e-05;
4.010500e-03 -8.845800e-06;
2.338100e-03 -2.710100e-07;
5.772100e-03 -1.329500e-05;
2.498700e-03 2.097300e-03;
4.107700e-03 1.081400e-03;
5.136400e-03 1.222200e-05;
1.681100e-03 2.505600e-03;
1.099200e-03 2.367600e-03;
5.822800e-04 1.484500e-03;
5.282500e-03 -6.291300e-05;
3.934300e-03 3.684900e-06;
2.201000e-03 7.045700e-06;
5.111000e-03 -4.352800e-04;
2.693900e-03 1.485500e-03;
3.724900e-03 2.611300e-05;
4.222300e-03 -9.971200e-04;
1.544900e-03 1.381000e-03;
6.572500e-04 1.296400e-03;
3.847200e-03 -1.949500e-04;
2.199600e-03 -4.182000e-05;
3.627500e-03 -1.193000e-03;
1.907900e-03 -1.293000e-04;
2.764000e-03 -1.538700e-03;
2.679000e-03 -1.993000e-03;
7.266400e-04 8.498200e-06;
1.277800e-03 -1.609700e-03;
1.339200e-03 -2.220000e-03;
1.332200e-03 -1.797700e-03;
1.612300e-03 -2.596600e-03;
6.543300e-04 -1.296300e-03;
9.849100e-04 -2.433600e-03;
6.466000e-04 -1.512300e-03;
4.423700e-04 -8.873400e-04;
1.074600e-03 -2.390100e-03;
1.080300e-03 -2.847200e-03;
5.834300e-04 -1.469100e-03;
9.248700e-04 -2.556500e-03;
6.382500e-04 -1.707300e-03;
3.192800e-04 -8.657500e-04;
8.871400e-04 -2.384000e-03;
1.033400e-03 -2.798600e-03;
5.610900e-04 -1.430500e-03;
1.043800e-03 -2.744900e-03;
7.232200e-04 -1.925000e-03;
3.962000e-04 -1.028000e-03;
9.580900e-04 -2.471500e-03;
5.672800e-04 -1.405400e-03;
1.112500e-03 -2.774200e-03;
8.472100e-04 -2.153400e-03;
4.555500e-04 -1.142100e-03;
9.945900e-04 -2.443500e-03;
5.957600e-04 -1.442600e-03;
1.135300e-03 -2.775600e-03;
9.142900e-04 -2.237700e-03;
5.160700e-04 -1.263200e-03;
9.960200e-04 -2.406100e-03;
6.276300e-04 -1.508800e-03;
1.144300e-03 -2.736700e-03;
9.694200e-04 -2.328500e-03;
5.657200e-04 -1.366200e-03;
1.074000e-03 -2.597100e-03;
6.403600e-04 -1.555400e-03;
1.043800e-03 -2.528300e-03;
5.974100e-04 -1.448300e-03;
1.059100e-03 -2.568700e-03;
6.555600e-04 -1.576000e-03;
1.067900e-03 -2.604300e-03;
6.205500e-04 -1.512000e-03;
1.088100e-03 -2.639800e-03;
6.431500e-04 -1.562200e-03;
1.046900e-03 -2.537100e-03;
6.470100e-04 -1.563000e-03;
1.070700e-03 -2.597700e-03;
6.262000e-04 -1.515200e-03;
1.042100e-03 -2.515000e-03;
6.524900e-04 -1.575500e-03;
1.028000e-03 -2.505600e-03;
5.795800e-04 -1.392800e-03;
6.064300e-04 -1.462000e-03;
1.057000e-03 -2.536700e-03;
1.075500e-03 -2.616100e-03;
6.271900e-04 -1.539200e-03;
9.936300e-04 -2.394700e-03;
5.657600e-04 -1.410700e-03;
1.131900e-03 -2.716900e-03;
1.069300e-03 -2.598700e-03;
6.191300e-04 -1.492700e-03;
1.058700e-03 -2.251800e-03;
1.137400e-03 -2.735200e-03;
9.955100e-04 -2.409800e-03;
5.808800e-04 -1.418900e-03;
1.062400e-03 -2.607000e-03;
8.582700e-04 -2.302500e-03;
6.004000e-04 -1.392800e-03;
1.541100e-04 3.530400e-05;
1.216700e-04 4.283300e-05;
1.541100e-04 3.530400e-05;
1.216700e-04 4.283300e-05;
1.335500e-04 4.314500e-05;
1.335500e-04 4.314500e-05;
1.226200e-04 3.759300e-05;
1.226200e-04 3.759300e-05;
1.490100e-04 6.377400e-05;
1.224700e-04 3.947100e-05;
1.224700e-04 3.947100e-05;
1.338500e-04 4.452200e-05;
1.338500e-04 4.452200e-05;
4.933000e-05 -1.016700e-04;
4.933000e-05 -1.016700e-04;
7.483200e-05 -1.220200e-04;
7.483200e-05 -1.220200e-04;
5.684400e-05 -1.110200e-04;
5.684400e-05 -1.110200e-04;
1.162700e-04 3.766500e-05;
1.162700e-04 3.766500e-05;
1.224600e-04 4.114800e-05;
1.224600e-04 4.114800e-05;
5.267200e-05 -1.027500e-04;
5.267200e-05 -1.027500e-04;
1.074900e-04 3.467200e-05;
1.074900e-04 3.467200e-05;
9.976900e-05 3.226300e-05;
9.976900e-05 3.226300e-05;
5.456500e-05 -1.039100e-04;
5.579500e-05 -1.364500e-04;
5.456500e-05 -1.039100e-04;
5.579500e-05 -1.364500e-04;
1.162900e-04 3.871700e-05;
1.162900e-04 3.871700e-05;
5.118500e-05 -1.004200e-04;
5.118500e-05 -1.004200e-04;
9.299900e-05 3.014900e-05;
9.299900e-05 3.014900e-05;
5.880400e-05 -1.175900e-04;
5.880400e-05 -1.175900e-04;
1.082700e-04 3.611300e-05;
1.082700e-04 3.611300e-05;
4.800300e-05 -9.364200e-05;
4.800300e-05 -9.364200e-05;
4.516900e-05 -8.836300e-05;
4.516900e-05 -8.836300e-05;
8.650400e-05 2.791200e-05;
8.650400e-05 2.791200e-05;
5.510700e-05 -1.105600e-04;
5.510700e-05 -1.105600e-04;
1.040200e-04 3.430800e-05;
1.040200e-04 3.430800e-05;
4.215200e-05 -8.244100e-05;
4.215200e-05 -8.244100e-05;
8.076500e-05 2.613200e-05;
8.076500e-05 2.613200e-05;
5.381600e-05 -1.073000e-04;
5.381600e-05 -1.073000e-04;
9.848500e-05 3.298700e-05;
9.848500e-05 3.298700e-05;
3.931300e-05 -7.679700e-05;
3.931300e-05 -7.679700e-05;
3.649500e-05 -7.140000e-05;
3.649500e-05 -7.140000e-05;
7.699900e-05 2.521900e-05;
7.699900e-05 2.521900e-05;
5.070400e-05 -1.013200e-04;
5.070400e-05 -1.013200e-04;
9.118400e-05 3.044600e-05;
9.118400e-05 3.044600e-05;
3.501100e-05 -6.920400e-05;
3.501100e-05 -6.920400e-05;
7.718600e-05 2.566500e-05;
7.718600e-05 2.566500e-05;
4.809200e-05 -9.581200e-05;
4.809200e-05 -9.581200e-05;
8.741600e-05 3.006400e-05;
8.741600e-05 3.006400e-05;
3.549600e-05 -7.048700e-05;
3.549600e-05 -7.048700e-05;
4.473000e-05 -8.981100e-05;
4.473000e-05 -8.981100e-05;
7.982000e-05 2.515100e-05;
7.982000e-05 2.515100e-05;
4.226300e-05 -8.444300e-05;
4.226300e-05 -8.444300e-05;
6.640800e-05 1.823900e-04;
7.819100e-05 3.597600e-05;
7.819100e-05 3.597600e-05;
4.025300e-05 -8.259700e-05;
4.025300e-05 -8.259700e-05;
8.432300e-05 1.771300e-04;
6.640800e-05 1.823900e-04;
6.640800e-05 1.823900e-04;
2.118900e-04 -1.834400e-05;
2.118900e-04 -1.834400e-05;
3.886900e-05 -7.444000e-05;
3.886900e-05 -7.444000e-05;
8.432300e-05 1.771300e-04;
8.432300e-05 1.771300e-04;
7.755400e-05 1.786400e-04;
7.755400e-05 1.786400e-04;
1.658900e-04 -7.788900e-05;
1.658900e-04 -7.788900e-05;
2.948100e-05 -8.063700e-05;
2.948100e-05 -8.063700e-05;
7.400400e-05 1.843500e-04;
7.400400e-05 1.843500e-04;
8.014200e-05 1.908200e-04;
8.014200e-05 1.908200e-04;
8.180600e-05 1.933400e-04;
8.180600e-05 1.933400e-04;
1.722400e-04 -6.770300e-05;
1.722400e-04 -6.770300e-05;
1.639000e-04 -1.371300e-04;
1.639000e-04 -1.371300e-04;
8.152700e-05 1.952100e-04;
8.152700e-05 1.952100e-04;
8.265000e-05 1.958800e-04;
8.265000e-05 1.958800e-04;
1.854100e-04 -7.588400e-05;
1.854100e-04 -7.588400e-05;
1.749100e-04 -6.159500e-05;
1.749100e-04 -6.159500e-05;
8.333900e-05 2.012800e-04;
8.333900e-05 2.012800e-04;
8.191100e-05 1.943800e-04;
8.191100e-05 1.943800e-04;
1.908900e-04 -7.741800e-05;
1.908900e-04 -7.741800e-05;
1.745600e-04 -7.427400e-05;
1.745600e-04 -7.427400e-05;
8.578800e-05 2.064400e-04;
8.578800e-05 2.064400e-04;
7.948200e-05 1.885400e-04;
7.948200e-05 1.885400e-04;
7.573300e-05 1.795400e-04;
7.573300e-05 1.795400e-04;
1.955900e-04 -7.970000e-05;
1.955900e-04 -7.970000e-05;
1.909400e-04 -7.857100e-05;
1.909400e-04 -7.857100e-05;
8.371400e-05 2.021300e-04;
8.371400e-05 2.021300e-04;
7.083400e-05 1.683300e-04;
7.083400e-05 1.683300e-04;
1.942200e-04 -7.900800e-05;
1.942200e-04 -7.900800e-05;
1.967300e-04 -8.168900e-05;
1.967300e-04 -8.168900e-05;
8.051400e-05 1.940800e-04;
8.051400e-05 1.940800e-04;
6.612700e-05 1.569300e-04;
6.612700e-05 1.569300e-04;
1.885000e-04 -7.669500e-05;
1.885000e-04 -7.669500e-05;
1.800300e-04 -7.328300e-05;
1.800300e-04 -7.328300e-05;
2.027700e-04 -8.379400e-05;
2.027700e-04 -8.379400e-05;
7.750200e-05 1.859300e-04;
7.750200e-05 1.859300e-04;
6.151900e-05 1.462700e-04;
6.151900e-05 1.462700e-04;
1.695600e-04 -6.900900e-05;
1.695600e-04 -6.900900e-05;
2.001100e-04 -8.271100e-05;
2.001100e-04 -8.271100e-05;
7.385500e-05 1.782900e-04;
7.385500e-05 1.782900e-04;
5.853800e-05 1.414800e-04;
5.853800e-05 1.414800e-04;
1.574700e-04 -6.402100e-05;
1.574700e-04 -6.402100e-05;
1.473800e-04 -6.018700e-05;
1.473800e-04 -6.018700e-05;
1.944300e-04 -8.027600e-05;
1.944300e-04 -8.027600e-05;
7.029300e-05 1.694100e-04;
7.029300e-05 1.694100e-04;
5.945900e-05 1.436400e-04;
5.945900e-05 1.436400e-04;
1.426100e-04 -5.912400e-05;
1.426100e-04 -5.912400e-05;
1.867100e-04 -7.696400e-05;
1.867100e-04 -7.696400e-05;
6.562800e-05 1.639900e-04;
6.562800e-05 1.639900e-04;
1.453100e-04 -6.015100e-05;
1.453100e-04 -6.015100e-05;
1.776500e-04 -7.373800e-05;
1.776500e-04 -7.373800e-05;
6.585000e-05 1.487300e-04;
6.585000e-05 1.487300e-04;
1.677900e-04 -6.929800e-05;
1.677900e-04 -6.929800e-05;
4.367400e-05 1.641800e-04;
4.367400e-05 1.641800e-04;
1.618000e-04 -6.922600e-05;
1.618000e-04 -6.922600e-05;
-1.657400e-04 3.515900e-04;
3.383900e-04 2.961500e-04;
3.383900e-04 2.961500e-04;
1.474800e-04 -5.719700e-05;
1.474800e-04 -5.719700e-05;
-1.657400e-04 3.515900e-04;
-1.657400e-04 3.515900e-04;
-1.297400e-04 3.709200e-04;
3.742500e-04 1.356400e-04;
3.742500e-04 1.356400e-04;
1.437000e-04 -8.365300e-05;
1.437000e-04 -8.365300e-05;
-1.419300e-04 3.609300e-04;
-1.419300e-04 3.609300e-04;
-1.297400e-04 3.709200e-04;
-1.297400e-04 3.709200e-04;
3.679100e-04 1.597400e-04;
3.679100e-04 1.597400e-04;
4.421900e-04 3.044800e-05;
4.421900e-04 3.044800e-05;
-1.570700e-04 3.841100e-04;
-1.570700e-04 3.841100e-04;
-1.579100e-04 3.901600e-04;
-1.579100e-04 3.901600e-04;
-1.562600e-04 3.647900e-04;
-1.562600e-04 3.647900e-04;
3.967600e-04 1.663200e-04;
3.967600e-04 1.663200e-04;
3.505400e-04 1.686600e-04;
3.505400e-04 1.686600e-04;
-1.611900e-04 3.957900e-04;
-1.611900e-04 3.957900e-04;
-1.598000e-04 3.893600e-04;
-1.598000e-04 3.893600e-04;
4.020000e-04 1.699400e-04;
4.020000e-04 1.699400e-04;
3.649600e-04 1.465600e-04;
3.649600e-04 1.465600e-04;
-1.606100e-04 3.943800e-04;
-1.606100e-04 3.943800e-04;
-1.662100e-04 4.007400e-04;
-1.662100e-04 4.007400e-04;
4.073300e-04 1.717700e-04;
4.073300e-04 1.717700e-04;
3.885500e-04 1.620900e-04;
3.885500e-04 1.620900e-04;
-1.554900e-04 3.823800e-04;
-1.554900e-04 3.823800e-04;
-1.472000e-04 3.621500e-04;
-1.472000e-04 3.621500e-04;
-1.690400e-04 4.093100e-04;
-1.690400e-04 4.093100e-04;
3.999900e-04 1.686500e-04;
3.999900e-04 1.686500e-04;
3.973900e-04 1.641800e-04;
3.973900e-04 1.641800e-04;
-1.382500e-04 3.388200e-04;
-1.382500e-04 3.388200e-04;
-1.659800e-04 4.012700e-04;
-1.659800e-04 4.012700e-04;
3.872400e-04 1.632600e-04;
3.872400e-04 1.632600e-04;
3.665600e-04 1.546300e-04;
3.665600e-04 1.546300e-04;
4.047100e-04 1.681900e-04;
4.047100e-04 1.681900e-04;
-1.292300e-04 3.168800e-04;
-1.292300e-04 3.168800e-04;
-1.603400e-04 3.878500e-04;
-1.603400e-04 3.878500e-04;
-1.200000e-04 2.945000e-04;
-1.200000e-04 2.945000e-04;
3.444700e-04 1.448000e-04;
3.444700e-04 1.448000e-04;
3.981700e-04 1.651800e-04;
3.981700e-04 1.651800e-04;
-1.533100e-04 3.721800e-04;
-1.533100e-04 3.721800e-04;
-1.183000e-04 2.838500e-04;
-1.183000e-04 2.838500e-04;
3.204900e-04 1.351800e-04;
3.204900e-04 1.351800e-04;
2.979200e-04 1.250600e-04;
2.979200e-04 1.250600e-04;
3.845200e-04 1.597300e-04;
3.845200e-04 1.597300e-04;
-1.476900e-04 3.566200e-04;
-1.476900e-04 3.566200e-04;
-1.213600e-04 2.919700e-04;
-1.213600e-04 2.919700e-04;
2.905100e-04 1.198000e-04;
2.905100e-04 1.198000e-04;
3.696900e-04 1.538400e-04;
3.696900e-04 1.538400e-04;
-1.403100e-04 3.394200e-04;
-1.403100e-04 3.394200e-04;
2.972900e-04 1.227400e-04;
2.972900e-04 1.227400e-04;
3.519000e-04 1.454900e-04;
3.519000e-04 1.454900e-04;
-1.393400e-04 3.236300e-04;
-1.393400e-04 3.236300e-04;
3.335300e-04 1.383600e-04;
3.335300e-04 1.383600e-04;
-1.150500e-04 2.956800e-04;
-1.150500e-04 2.956800e-04;
3.213500e-04 1.281600e-04;
3.213500e-04 1.281600e-04;
-1.678900e-04 2.858600e-04;
-1.678900e-04 2.858600e-04;
2.829800e-04 1.245400e-04;
2.829800e-04 1.245400e-04;
6.822400e-05 9.060100e-04;
6.822400e-05 9.060100e-04;
3.042100e-04 7.772300e-05;
3.042100e-04 7.772300e-05;
3.513800e-04 7.416300e-04;
3.513800e-04 7.416300e-04;
5.715800e-04 6.560700e-04;
5.715800e-04 6.560700e-04;
3.058900e-04 7.641800e-04;
3.058900e-04 7.641800e-04;
2.547500e-04 7.243500e-04;
2.547500e-04 7.243500e-04;
2.043700e-03 -1.609000e-04;
2.043700e-03 -1.609000e-04;
3.271100e-03 -2.495400e-17;
1.375000e-03 0;
3.275500e-04 7.897500e-04;
3.275500e-04 7.897500e-04;
3.048100e-04 7.117700e-04;
3.048100e-04 7.117700e-04;
1.919700e-03 4.298300e-05;
1.919700e-03 4.298300e-05;
3.194100e-04 7.773800e-04;
3.194100e-04 7.773800e-04;
3.191900e-04 7.762200e-04;
3.191900e-04 7.762200e-04;
1.859700e-03 -1.041700e-05;
1.859700e-03 -1.041700e-05;
2.079700e-03 1.630400e-04;
3.286100e-03 -4.873400e-17;
2.079700e-03 1.630400e-04;
1.375000e-03 0;
3.167700e-04 7.686300e-04;
3.167700e-04 7.686300e-04;
3.041600e-04 7.385400e-04;
3.041600e-04 7.385400e-04;
3.329500e-04 8.017800e-04;
3.329500e-04 8.017800e-04;
1.748200e-03 3.038600e-06;
1.748200e-03 3.038600e-06;
1.640600e-03 -1.992000e-07;
1.640600e-03 -1.992000e-07;
1.904100e-03 -4.405900e-05;
1.904100e-03 -4.405900e-05;
2.917400e-04 7.065900e-04;
2.917400e-04 7.065900e-04;
3.362400e-04 8.144600e-04;
3.362400e-04 8.144600e-04;
1.530400e-03 1.900300e-06;
1.530400e-03 1.900300e-06;
1.872200e-03 7.743300e-06;
1.872200e-03 7.743300e-06;
2.808800e-04 6.777200e-04;
2.808800e-04 6.777200e-04;
3.311400e-04 7.981700e-04;
3.311400e-04 7.981700e-04;
1.440000e-03 1.025600e-06;
1.440000e-03 1.025600e-06;
1.750400e-03 9.945800e-07;
1.750400e-03 9.945800e-07;
2.633300e-04 6.388000e-04;
2.633300e-04 6.388000e-04;
2.408300e-04 5.890300e-04;
2.408300e-04 5.890300e-04;
3.168800e-04 7.645500e-04;
3.168800e-04 7.645500e-04;
1.338300e-03 -1.997600e-06;
1.338300e-03 -1.997600e-06;
1.621900e-03 -1.049000e-06;
1.621900e-03 -1.049000e-06;
2.153400e-04 5.268700e-04;
2.153400e-04 5.268700e-04;
1.906300e-04 4.827000e-04;
1.906300e-04 4.827000e-04;
3.039900e-04 7.372900e-04;
3.039900e-04 7.372900e-04;
1.237800e-03 2.109000e-06;
1.237800e-03 2.109000e-06;
1.182900e-03 4.383700e-07;
1.182900e-03 4.383700e-07;
1.534200e-03 -3.517100e-06;
1.534200e-03 -3.517100e-06;
1.083500e-03 -3.011700e-06;
1.083500e-03 -3.011700e-06;
1.407300e-04 3.675200e-04;
1.407300e-04 3.675200e-04;
2.936400e-04 7.082200e-04;
2.936400e-04 7.082200e-04;
1.412500e-03 3.602200e-07;
1.412500e-03 3.602200e-07;
2.790000e-04 6.816700e-04;
2.790000e-04 6.816700e-04;
1.301600e-03 5.797000e-07;
1.301600e-03 5.797000e-07;
2.861100e-04 7.103000e-04;
2.861100e-04 7.103000e-04;
1.206700e-03 -8.563100e-07;
1.206700e-03 -8.563100e-07;
2.925500e-04 7.264100e-04;
2.925500e-04 7.264100e-04;
1.141500e-03 -1.182300e-07;
1.141500e-03 -1.182300e-07;
3.261500e-04 7.631600e-04;
3.261500e-04 7.631600e-04;
1.049000e-03 2.705300e-06;
1.049000e-03 2.705300e-06;
2.250200e-04 -8.815500e-07;
2.250200e-04 -8.815500e-07;
3.238100e-04 -7.601200e-04;
3.238100e-04 -7.601200e-04;
2.909700e-04 -7.181900e-04;
2.909700e-04 -7.181900e-04;
1.458800e-04 -3.805000e-04;
1.458800e-04 -3.805000e-04;
2.867500e-04 -7.135400e-04;
2.867500e-04 -7.135400e-04;
1.983300e-04 -5.002300e-04;
1.983300e-04 -5.002300e-04;
2.826600e-04 -6.916800e-04;
2.826600e-04 -6.916800e-04;
2.242200e-04 -5.516000e-04;
2.242200e-04 -5.516000e-04;
2.995900e-04 -7.227700e-04;
2.995900e-04 -7.227700e-04;
2.556700e-04 -6.243100e-04;
2.556700e-04 -6.243100e-04;
3.130900e-04 -7.570600e-04;
3.130900e-04 -7.570600e-04;
2.804600e-04 -6.779400e-04;
2.804600e-04 -6.779400e-04;
3.240100e-04 -7.839000e-04;
3.240100e-04 -7.839000e-04;
2.992900e-04 -7.237400e-04;
2.992900e-04 -7.237400e-04;
3.306400e-04 -7.985300e-04;
3.306400e-04 -7.985300e-04;
3.138500e-04 -7.618300e-04;
3.138500e-04 -7.618300e-04;
3.274100e-04 -7.924800e-04;
3.274100e-04 -7.924800e-04;
3.263500e-04 -7.919400e-04;
3.263500e-04 -7.919400e-04;
3.154100e-04 -7.596000e-04;
3.154100e-04 -7.596000e-04;
3.036000e-04 -7.377900e-04;
3.036000e-04 -7.377900e-04;
3.288500e-04 -7.956800e-04;
3.288500e-04 -7.956800e-04;
2.933400e-04 -6.844200e-04;
2.933400e-04 -6.844200e-04;
3.184800e-04 -7.759300e-04;
3.184800e-04 -7.759300e-04;
2.478700e-04 -7.087000e-04;
2.478700e-04 -7.087000e-04;
3.128100e-04 -7.527900e-04;
3.128100e-04 -7.527900e-04;
2.789200e-04 -7.024000e-04;
2.789200e-04 -7.024000e-04;
3.248300e-04 -6.753600e-04;
3.248300e-04 -6.753600e-04;
3.248300e-04 -6.753600e-04;
