2.291100e-04 7.469400e-05;
2.276100e-04 7.483700e-05;
1.735200e-04 4.417000e-05;
1.695000e-04 6.762700e-05;
1.115100e-04 -2.197900e-04;
8.491900e-05 -1.418600e-04;
1.004500e-04 -1.983400e-04;
1.016100e-04 -2.022100e-04;
6.618500e-05 -1.561800e-04;
2.337600e-05 -4.598300e-05;
1.357500e-04 -1.492400e-05;
2.337600e-05 -4.598300e-05;
4.947400e-05 1.610700e-05;
4.947400e-05 1.610700e-05;
3.780600e-05 8.947600e-05;
3.780600e-05 8.947600e-05;
1.979000e-04 1.815000e-04;
9.143500e-05 -3.710500e-05;
9.143500e-05 -3.710500e-05;
-7.398700e-05 1.821800e-04;
-7.398700e-05 1.821800e-04;
2.305200e-05 5.425400e-04;
1.850500e-04 7.814500e-05;
1.850500e-04 7.814500e-05;
3.485400e-03 3.138800e-17;
2.500600e-03 -2.211200e-17;
3.340200e-03 5.257200e-05;
3.315700e-03 -6.362900e-05;
7.006100e-04 9.862000e-06;
7.006100e-04 9.862000e-06;
2.105400e-03 8.650400e-04;
1.331800e-04 2.870000e-04;
1.331800e-04 2.870000e-04;
6.745300e-04 -8.679100e-06;
1.316300e-04 -2.843900e-04;
6.745300e-04 -8.679100e-06;
1.316300e-04 -2.843900e-04;
1.316300e-04 -2.843900e-04;
1.563600e-04 5.284700e-05;
2.268300e-04 7.476900e-05;
1.574200e-04 5.205700e-05;
1.556300e-04 4.940900e-05;
2.260500e-04 7.405100e-05;
1.516300e-04 4.832400e-05;
1.599800e-04 5.272100e-05;
6.484100e-05 -1.334900e-04;
2.134200e-04 7.065600e-05;
2.152100e-04 7.015900e-05;
1.435400e-04 4.688900e-05;
1.510000e-04 5.004500e-05;
9.805100e-05 -1.951500e-04;
6.898300e-05 -1.336300e-04;
6.569600e-05 -1.294100e-04;
1.114900e-04 -2.194100e-04;
7.061100e-05 -1.350100e-04;
2.271900e-04 7.534300e-05;
2.153200e-04 7.001600e-05;
1.347600e-04 4.366100e-05;
1.430500e-04 4.778400e-05;
1.022800e-04 -2.026000e-04;
6.389600e-05 -1.252600e-04;
1.057900e-04 -2.092500e-04;
7.059700e-05 -1.410800e-04;
2.243600e-04 7.312300e-05;
2.135200e-04 6.996800e-05;
1.262900e-04 4.075000e-05;
1.966700e-04 6.411500e-05;
1.190800e-04 3.881700e-05;
1.361500e-04 4.503900e-05;
1.007100e-04 -1.981100e-04;
6.063000e-05 -1.188500e-04;
1.050500e-04 -2.086100e-04;
6.849600e-05 -1.374200e-04;
2.273700e-04 7.417700e-05;
1.883400e-04 6.109100e-05;
1.112900e-04 3.603400e-05;
2.301700e-04 7.608200e-05;
1.310300e-04 4.338900e-05;
9.979300e-05 -1.961700e-04;
5.774300e-05 -1.127900e-04;
9.359700e-05 -1.837900e-04;
5.394400e-05 -1.060200e-04;
1.063500e-04 -2.105200e-04;
6.671700e-05 -1.324400e-04;
2.065800e-04 6.790400e-05;
1.908100e-04 6.262800e-05;
1.046400e-04 3.411500e-05;
2.345700e-04 7.772000e-05;
1.891900e-04 6.328600e-05;
1.004200e-04 3.313200e-05;
1.249400e-04 4.180300e-05;
9.163400e-05 -1.813900e-04;
5.089000e-05 -9.943600e-05;
1.082100e-04 -2.165300e-04;
1.092400e-04 -2.151900e-04;
6.420900e-05 -1.270600e-04;
1.990300e-04 6.631200e-05;
2.338600e-04 7.833400e-05;
2.307600e-04 7.917000e-05;
1.723200e-04 5.993200e-05;
9.948800e-05 3.416700e-05;
1.171200e-04 3.921300e-05;
8.831400e-05 -1.736000e-04;
4.753000e-05 -9.324600e-05;
8.181100e-05 -1.633200e-04;
4.550000e-05 -9.068500e-05;
1.111700e-04 -2.199200e-04;
9.772300e-05 -1.945600e-04;
6.053300e-05 -1.215100e-04;
2.041600e-04 6.975200e-05;
2.286800e-04 8.155500e-05;
2.253800e-04 8.075800e-05;
1.741500e-04 6.061500e-05;
1.014200e-04 3.270900e-05;
1.118500e-04 3.851800e-05;
7.543400e-05 -1.548300e-04;
4.529800e-05 -9.176100e-05;
1.000700e-04 -2.073400e-04;
1.107900e-04 -2.228600e-04;
9.433800e-05 -1.882500e-04;
5.696600e-05 -1.143400e-04;
1.845400e-04 6.534600e-05;
4.832200e-05 -9.413700e-05;
2.298200e-04 7.902300e-05;
2.224900e-04 6.901400e-05;
1.597000e-04 4.343600e-05;
1.031000e-04 3.573800e-05;
7.615900e-05 -1.567100e-04;
7.565200e-05 -1.393500e-04;
1.000000e-04 -2.097700e-04;
1.066600e-04 -2.210100e-04;
9.041300e-05 -1.849900e-04;
5.422900e-05 -1.086300e-04;
1.840300e-04 6.031900e-05;
1.357500e-04 -1.492400e-05;
1.119700e-04 -1.006800e-04;
2.467700e-04 4.682200e-05;
2.246600e-04 1.691900e-05;
1.744300e-04 4.163300e-04;
1.225500e-04 3.633500e-05;
1.087600e-04 -2.062800e-04;
1.212400e-04 -1.744500e-04;
1.073100e-04 -2.166100e-04;
8.294400e-05 -1.731400e-04;
5.155800e-05 -1.055500e-04;
2.333700e-04 2.571400e-05;
2.126100e-04 -7.271600e-05;
1.725600e-04 -1.544400e-04;
3.051000e-04 -5.322100e-05;
1.676500e-04 3.618700e-04;
9.445200e-05 2.307100e-04;
1.386800e-04 3.785200e-04;
1.824200e-04 4.375300e-04;
2.415600e-04 -3.184700e-05;
1.454200e-04 -2.096300e-04;
9.593000e-05 -1.755800e-04;
4.808000e-05 -9.894900e-05;
3.468900e-04 -7.845600e-05;
2.605000e-04 -1.756800e-04;
3.660900e-04 -1.505300e-04;
9.842700e-05 2.315500e-04;
1.587700e-04 3.775300e-04;
9.746000e-05 2.301100e-04;
1.575200e-04 3.774900e-04;
1.842000e-04 4.354100e-04;
3.642600e-04 -1.281600e-04;
2.188300e-04 -9.177100e-05;
2.017900e-04 -1.906800e-04;
6.024600e-05 -1.118200e-04;
4.201300e-04 -1.740200e-04;
3.132600e-04 -1.884600e-04;
9.850200e-05 2.353200e-04;
1.619100e-04 3.864600e-04;
1.008400e-04 2.406400e-04;
1.780500e-04 4.307800e-04;
3.773500e-04 -1.546900e-04;
2.213400e-04 -8.947900e-05;
4.387000e-04 -1.794800e-04;
1.941100e-04 -1.484000e-04;
3.570900e-04 -1.576600e-04;
1.006400e-04 2.449900e-04;
1.758100e-04 4.164700e-04;
1.040900e-04 2.446800e-04;
1.664500e-04 3.964200e-04;
1.635000e-04 3.870000e-04;
1.029600e-04 2.459600e-04;
3.896300e-04 -1.581400e-04;
2.338900e-04 -9.552600e-05;
4.409200e-04 -1.811400e-04;
3.704300e-04 -1.523300e-04;
2.229400e-04 -8.863500e-05;
1.063100e-04 2.530600e-04;
1.812200e-04 4.310600e-04;
1.719000e-04 4.144800e-04;
1.034400e-04 2.460000e-04;
4.028700e-04 -1.662500e-04;
2.418200e-04 -9.808600e-05;
4.377100e-04 -1.772600e-04;
3.726600e-04 -1.531900e-04;
2.251600e-04 -9.338900e-05;
1.074200e-04 2.587500e-04;
1.762300e-04 4.260600e-04;
1.731500e-04 4.120800e-04;
1.005200e-04 2.390500e-04;
4.023100e-04 -1.649500e-04;
2.465000e-04 -1.007300e-04;
4.120000e-04 -1.686500e-04;
2.408200e-04 -9.886800e-05;
1.053400e-04 2.539100e-04;
1.797600e-04 4.300300e-04;
1.719000e-04 4.103500e-04;
9.678500e-05 2.290300e-04;
1.642700e-04 3.899900e-04;
9.120800e-05 2.165900e-04;
4.093300e-04 -1.667800e-04;
2.455000e-04 -1.001900e-04;
4.079500e-04 -1.697600e-04;
2.489200e-04 -1.034300e-04;
1.018800e-04 2.450300e-04;
1.838900e-04 4.367000e-04;
1.845300e-04 4.425300e-04;
1.489100e-04 3.567600e-04;
8.520400e-05 2.032500e-04;
4.025300e-04 -1.658600e-04;
2.393500e-04 -9.742300e-05;
4.235900e-04 -1.735200e-04;
2.543900e-04 -1.044600e-04;
9.849300e-05 2.366300e-04;
1.690900e-04 4.050300e-04;
1.857500e-04 4.495800e-04;
1.522700e-04 3.649400e-04;
7.992500e-05 1.905900e-04;
1.413100e-04 3.475300e-04;
7.560900e-05 1.851200e-04;
3.984900e-04 -1.626300e-04;
2.297400e-04 -9.374000e-05;
3.891700e-04 -1.578000e-04;
2.185000e-04 -8.875800e-05;
4.061000e-04 -1.650900e-04;
2.511100e-04 -1.042600e-04;
9.415000e-05 2.273700e-04;
1.611500e-04 3.889800e-04;
1.334700e-04 3.363600e-04;
7.533400e-05 1.854100e-04;
1.850000e-04 4.533800e-04;
1.669500e-04 4.264000e-04;
3.511600e-04 -1.443500e-04;
2.036400e-04 -8.307200e-05;
4.424200e-04 -1.830600e-04;
4.152200e-04 -1.715100e-04;
2.465000e-04 -1.010200e-04;
9.004900e-05 2.182200e-04;
1.550600e-04 3.860200e-04;
1.330200e-04 3.239600e-04;
7.901200e-05 1.828400e-04;
1.673000e-04 4.243500e-04;
1.767400e-04 4.492700e-04;
1.290800e-04 2.683600e-04;
3.367200e-04 -1.415400e-04;
1.918400e-04 -7.867000e-05;
1.858700e-04 -7.794500e-05;
3.567500e-04 -1.456200e-04;
4.482800e-04 -1.851500e-04;
3.808000e-04 -1.577300e-04;
2.374700e-04 -9.826200e-05;
8.436400e-05 2.109100e-04;
1.427800e-04 3.631900e-04;
1.878900e-04 -7.410700e-05;
1.870500e-04 4.088800e-04;
1.823600e-04 4.477800e-04;
1.979000e-04 1.815000e-04;
2.167400e-04 3.360200e-04;
3.147800e-04 -1.359000e-04;
1.864600e-04 -7.862300e-05;
4.171600e-04 -1.816000e-04;
4.522800e-04 -1.902000e-04;
3.747300e-04 -1.552600e-04;
2.264600e-04 -9.389000e-05;
8.078000e-05 1.978700e-04;
1.708600e-04 3.697500e-04;
3.176200e-04 -1.334100e-04;
2.866500e-04 -1.038800e-04;
2.771600e-04 -6.250300e-06;
3.696500e-04 1.421800e-04;
2.637400e-04 4.255900e-04;
3.551300e-04 2.981700e-04;
4.191500e-04 -1.833600e-04;
4.415000e-04 -1.909200e-04;
3.659900e-04 -1.565000e-04;
2.162300e-04 -8.967500e-05;
1.051400e-04 2.336200e-04;
2.828700e-04 3.797100e-04;
4.241900e-04 -1.585500e-04;
4.051700e-04 -8.731900e-05;
4.699700e-04 2.224400e-05;
5.175100e-04 2.034400e-04;
4.695800e-04 3.727800e-04;
4.374900e-04 -1.849600e-04;
3.464500e-04 -1.510800e-04;
2.078600e-04 -8.870700e-05;
-3.341800e-04 8.247400e-04;
3.977700e-04 3.144000e-04;
5.892000e-04 3.888800e-04;
4.886100e-04 -1.128100e-04;
5.914800e-04 5.193500e-05;
6.840100e-04 2.775800e-04;
3.773300e-04 -1.394500e-04;
1.921500e-04 -8.189700e-05;
-2.683200e-04 7.371900e-04;
-1.937700e-04 4.599600e-04;
-3.590500e-04 8.746200e-04;
-3.434300e-04 7.348000e-04;
7.316500e-04 3.519300e-04;
4.709700e-04 1.956300e-04;
8.246500e-04 3.362100e-04;
4.971200e-04 -3.857300e-05;
6.917100e-04 1.475600e-04;
2.355200e-04 -8.799600e-05;
-3.098900e-04 7.581200e-04;
-1.868800e-04 4.621600e-04;
-3.545400e-04 8.718100e-04;
-3.207700e-04 7.849200e-04;
-1.873000e-04 4.681000e-04;
7.728000e-04 3.260400e-04;
4.726100e-04 1.990000e-04;
8.709700e-04 3.655400e-04;
7.212300e-04 2.719900e-04;
4.970700e-04 5.735700e-05;
-3.224800e-04 7.871400e-04;
-1.989600e-04 4.833100e-04;
-3.474500e-04 8.342000e-04;
-1.952200e-04 4.703800e-04;
8.118100e-04 3.363200e-04;
4.958800e-04 2.092500e-04;
8.697900e-04 3.663700e-04;
7.490100e-04 3.128800e-04;
4.590600e-04 1.980000e-04;
-3.472100e-04 8.580500e-04;
-1.974800e-04 4.938600e-04;
-3.144000e-04 7.710400e-04;
-2.040900e-04 4.970400e-04;
-3.290400e-04 8.000600e-04;
-2.025700e-04 4.880700e-04;
8.053200e-04 3.373100e-04;
5.057100e-04 2.130000e-04;
8.229500e-04 3.426900e-04;
4.672800e-04 1.939900e-04;
-3.391200e-04 8.206300e-04;
-2.032800e-04 4.967000e-04;
-3.580100e-04 8.799500e-04;
-2.061300e-04 5.057000e-04;
8.064700e-04 3.372800e-04;
5.115400e-04 2.158800e-04;
8.191500e-04 3.402800e-04;
4.889400e-04 2.026500e-04;
-3.405800e-04 8.332500e-04;
-1.971000e-04 4.843600e-04;
-3.496800e-04 8.478100e-04;
-2.128200e-04 5.126600e-04;
8.031400e-04 3.388800e-04;
5.034800e-04 2.102200e-04;
8.148900e-04 3.413800e-04;
5.009100e-04 2.067400e-04;
-3.340600e-04 8.164800e-04;
-1.873400e-04 4.624300e-04;
-3.107400e-04 7.627400e-04;
-1.782400e-04 4.363600e-04;
-3.510500e-04 8.546300e-04;
-2.083500e-04 5.053900e-04;
8.415000e-04 3.534300e-04;
4.887200e-04 2.068500e-04;
8.183600e-04 3.390600e-04;
5.071600e-04 2.117500e-04;
-2.939400e-04 7.141700e-04;
-1.674500e-04 4.084800e-04;
-3.647300e-04 8.850600e-04;
-3.596700e-04 8.814300e-04;
-2.020300e-04 4.905300e-04;
8.066600e-04 3.362600e-04;
4.682200e-04 1.973000e-04;
7.848500e-04 3.335700e-04;
4.410700e-04 1.851400e-04;
8.148600e-04 3.443900e-04;
5.016600e-04 2.079300e-04;
-2.959800e-04 7.150900e-04;
-1.565300e-04 3.840400e-04;
-2.651700e-04 6.287500e-04;
-1.566400e-04 3.693500e-04;
-3.735300e-04 8.981700e-04;
-3.321700e-04 8.098500e-04;
-1.954800e-04 4.728900e-04;
7.488300e-04 3.124200e-04;
4.149200e-04 1.748500e-04;
8.837500e-04 3.644100e-04;
8.366100e-04 3.484100e-04;
4.856500e-04 2.033200e-04;
-2.848500e-04 6.571700e-04;
-1.570300e-04 3.716900e-04;
-3.654100e-04 8.249000e-04;
-3.825900e-04 9.072000e-04;
-3.126600e-04 7.556000e-04;
-1.887800e-04 4.549000e-04;
7.150400e-04 2.995600e-04;
3.876400e-04 1.621600e-04;
6.779700e-04 2.761000e-04;
3.784400e-04 1.541200e-04;
8.964400e-04 3.751300e-04;
7.734100e-04 3.199800e-04;
4.714000e-04 1.956000e-04;
-2.642200e-04 6.253300e-04;
-1.489400e-04 3.742700e-04;
-1.930400e-04 5.631700e-04;
-3.704700e-04 8.386400e-04;
-3.894900e-04 8.846200e-04;
-3.115400e-04 7.319300e-04;
-1.815400e-04 4.365200e-04;
3.765400e-04 1.631100e-04;
6.439200e-04 2.530000e-04;
3.805300e-04 1.538100e-04;
8.519900e-04 3.329900e-04;
9.101500e-04 3.687000e-04;
7.688200e-04 3.187500e-04;
4.486000e-04 1.858800e-04;
2.305200e-05 5.425400e-04;
-3.172200e-04 8.501600e-04;
-1.745300e-04 8.084700e-04;
-3.715400e-04 8.771100e-04;
-3.051200e-04 6.874500e-04;
-1.796500e-04 4.171000e-04;
6.621800e-04 2.698800e-04;
5.629900e-04 2.704500e-04;
4.021500e-04 3.911500e-04;
3.256100e-04 7.365100e-04;
8.682600e-04 3.353100e-04;
8.950600e-04 3.505500e-04;
7.512100e-04 2.991000e-04;
4.309200e-04 1.776700e-04;
7.781200e-05 9.330800e-04;
-2.305500e-04 9.726400e-04;
-2.816900e-04 7.523500e-04;
-1.649800e-04 3.883400e-04;
8.270000e-04 3.762800e-04;
7.023600e-04 4.515400e-04;
6.357700e-04 7.054700e-04;
4.449300e-04 1.027900e-03;
8.796200e-04 3.537800e-04;
7.320200e-04 2.832300e-04;
4.144100e-04 1.657400e-04;
1.341600e-04 1.194400e-03;
-1.281000e-04 9.393900e-04;
-1.802600e-04 4.793100e-04;
5.769300e-04 1.361500e-03;
8.511200e-04 5.266000e-04;
7.626700e-04 9.173900e-04;
7.222900e-04 3.308200e-04;
3.821500e-04 1.533800e-04;
2.859400e-04 1.382800e-03;
1.282700e-04 1.015900e-03;
6.942000e-04 1.642800e-03;
7.683600e-04 1.184400e-03;
7.444400e-04 6.195100e-04;
4.449300e-04 2.005100e-04;
5.609600e-04 1.553000e-03;
4.041200e-04 9.621300e-04;
7.179600e-04 1.744100e-03;
6.340500e-04 1.403400e-03;
6.145800e-04 7.754100e-04;
6.490100e-04 1.548800e-03;
3.999700e-04 9.720200e-04;
7.228400e-04 1.727900e-03;
6.127300e-04 1.477100e-03;
3.661900e-04 9.163900e-04;
2.463300e-03 -1.302200e-04;
6.624700e-04 1.607900e-03;
4.097900e-04 9.941900e-04;
6.555800e-04 1.583500e-03;
3.839300e-04 9.206900e-04;
2.494200e-03 1.325100e-04;
3.846400e-03 9.312600e-06;
2.410700e-03 1.628000e-05;
6.634900e-04 1.610400e-03;
4.048800e-04 9.826700e-04;
6.849900e-04 1.656600e-03;
3.996900e-04 9.736600e-04;
2.392100e-03 -1.785700e-05;
3.624100e-03 -5.203000e-06;
2.296000e-03 -9.194600e-06;
3.532300e-03 -2.879100e-05;
6.727900e-04 1.640900e-03;
3.997900e-04 9.698800e-04;
6.659600e-04 1.623700e-03;
4.196300e-04 1.006600e-03;
3.416500e-03 -1.127800e-07;
2.188400e-03 1.132600e-05;
2.311600e-03 -7.725400e-06;
3.712100e-03 8.465400e-06;
6.707200e-04 1.638800e-03;
3.833400e-04 9.355600e-04;
6.373900e-04 1.532400e-03;
3.748800e-04 9.008900e-04;
6.689700e-04 1.621400e-03;
4.213200e-04 1.021700e-03;
3.653900e-03 1.340000e-05;
2.075700e-03 -7.642300e-06;
3.301200e-03 2.300700e-06;
1.957200e-03 7.826600e-07;
2.193700e-03 1.501800e-05;
3.408700e-03 1.093500e-05;
6.820900e-04 1.627500e-03;
3.603200e-04 8.702200e-04;
6.966300e-04 1.674300e-03;
4.149400e-04 1.004400e-03;
3.022400e-03 6.262100e-06;
1.841900e-03 4.185200e-06;
3.757700e-03 5.629000e-06;
3.671400e-03 -2.060900e-05;
2.051500e-03 -1.282100e-05;
6.190800e-04 1.506700e-03;
3.384500e-04 8.220300e-04;
7.158700e-04 1.739200e-03;
6.508800e-04 1.567400e-03;
4.025700e-04 9.666500e-04;
3.079500e-03 -9.073700e-07;
1.728800e-03 -4.027700e-06;
3.780500e-03 8.036600e-06;
3.122400e-03 -1.357500e-05;
1.960700e-03 5.395000e-06;
6.003400e-04 1.468300e-03;
3.114900e-04 7.653400e-04;
5.570200e-04 1.397600e-03;
2.831900e-04 6.992900e-04;
7.200600e-04 1.761700e-03;
6.086900e-04 1.479000e-03;
3.866200e-04 9.372500e-04;
2.954100e-03 -1.009400e-05;
1.616900e-03 2.933700e-06;
3.824500e-03 -7.473800e-06;
3.053200e-03 1.173400e-05;
1.817000e-03 4.979700e-07;
5.043400e-04 1.296700e-03;
2.503900e-04 6.449400e-04;
4.344700e-04 1.155500e-03;
2.114800e-04 5.603100e-04;
6.737700e-04 1.733300e-03;
7.046800e-04 1.760800e-03;
6.066200e-04 1.485400e-03;
3.736300e-04 9.026100e-04;
2.757900e-03 1.179600e-05;
1.537800e-03 4.732400e-07;
3.565200e-03 5.621000e-06;
2.654200e-03 -6.729500e-06;
1.438500e-03 -6.117500e-06;
3.702000e-03 1.031400e-06;
2.901400e-03 -9.628000e-07;
1.681300e-03 2.022400e-06;
2.470500e-03 9.053700e-06;
1.450500e-03 2.948600e-05;
3.096000e-04 6.046600e-04;
2.336200e-03 1.498500e-04;
4.631500e-04 1.115100e-03;
6.232600e-04 1.661600e-03;
6.045600e-04 1.536700e-03;
6.735200e-04 1.772700e-03;
6.237800e-04 1.584400e-03;
3.558000e-04 8.790900e-04;
3.741400e-03 5.758600e-06;
3.579400e-03 9.953500e-06;
3.508900e-03 5.456400e-07;
2.672400e-03 1.936100e-06;
1.581800e-03 -4.681600e-07;
3.390100e-03 4.942800e-05;
8.406900e-04 1.141200e-03;
2.105400e-03 8.650400e-04;
3.214600e-03 3.063200e-04;
8.427300e-04 1.546000e-03;
7.267200e-04 1.796600e-03;
5.833700e-04 1.524400e-03;
3.559800e-04 8.929000e-04;
3.736600e-03 6.883200e-06;
3.637000e-03 -1.217900e-05;
2.550600e-03 -4.280900e-06;
1.487400e-03 4.169300e-07;
3.677400e-03 -8.946400e-06;
1.581400e-03 1.361800e-03;
2.586600e-03 7.099800e-04;
3.246900e-03 8.807900e-06;
1.060600e-03 1.581200e-03;
6.915800e-04 1.469600e-03;
3.636200e-04 9.138800e-04;
3.364000e-03 -4.078400e-05;
2.499100e-03 4.712200e-06;
1.395600e-03 5.697100e-06;
3.247400e-03 -2.950900e-04;
1.675900e-03 9.453800e-04;
2.323600e-03 1.610600e-05;
2.657800e-03 -6.553400e-04;
9.503300e-04 8.576800e-04;
4.021000e-04 7.915300e-04;
2.448600e-03 -1.358000e-04;
1.397700e-03 -2.839000e-05;
2.306400e-03 -7.951400e-04;
1.172400e-03 -8.110700e-05;
1.720000e-03 -9.814100e-04;
1.693000e-03 -1.297800e-03;
4.410600e-04 5.585800e-06;
8.330900e-04 -1.069600e-03;
8.708800e-04 -1.440900e-03;
8.216300e-04 -1.113100e-03;
1.022800e-03 -1.643800e-03;
4.001600e-04 -7.916500e-04;
6.531400e-04 -1.566300e-03;
4.361000e-04 -1.001100e-03;
2.995300e-04 -6.022300e-04;
6.773300e-04 -1.482500e-03;
7.030100e-04 -1.794900e-03;
3.640500e-04 -9.042500e-04;
6.122100e-04 -1.633600e-03;
4.283300e-04 -1.110600e-03;
2.179300e-04 -5.751800e-04;
5.686200e-04 -1.490200e-03;
6.723500e-04 -1.768800e-03;
3.557200e-04 -8.958500e-04;
6.771000e-04 -1.745000e-03;
4.739900e-04 -1.235400e-03;
2.612900e-04 -6.677800e-04;
6.145500e-04 -1.562500e-03;
3.613100e-04 -8.908400e-04;
7.132000e-04 -1.764200e-03;
5.470700e-04 -1.373200e-03;
2.941800e-04 -7.311500e-04;
6.342900e-04 -1.552900e-03;
3.795000e-04 -9.180100e-04;
7.239500e-04 -1.766200e-03;
5.836100e-04 -1.424200e-03;
3.291600e-04 -8.038100e-04;
6.344100e-04 -1.531300e-03;
3.994200e-04 -9.608100e-04;
7.279600e-04 -1.742600e-03;
6.162500e-04 -1.481600e-03;
3.594900e-04 -8.686300e-04;
6.830900e-04 -1.652900e-03;
4.074000e-04 -9.898100e-04;
6.636600e-04 -1.608600e-03;
3.799900e-04 -9.213200e-04;
6.737800e-04 -1.633800e-03;
4.168900e-04 -1.002700e-03;
6.797800e-04 -1.657600e-03;
3.950300e-04 -9.620700e-04;
6.927300e-04 -1.680200e-03;
4.094300e-04 -9.940900e-04;
6.663200e-04 -1.614600e-03;
4.115700e-04 -9.947400e-04;
6.813200e-04 -1.652700e-03;
3.986500e-04 -9.643000e-04;
6.629400e-04 -1.600100e-03;
4.152000e-04 -1.002600e-03;
6.542500e-04 -1.593500e-03;
3.683600e-04 -8.855000e-04;
3.857500e-04 -9.303100e-04;
6.719600e-04 -1.614400e-03;
6.840700e-04 -1.664700e-03;
3.992800e-04 -9.790600e-04;
6.321200e-04 -1.524300e-03;
3.605300e-04 -8.978900e-04;
7.209600e-04 -1.730100e-03;
6.806100e-04 -1.653300e-03;
3.938400e-04 -9.504800e-04;
6.767200e-04 -1.431800e-03;
7.242100e-04 -1.741600e-03;
6.342800e-04 -1.533200e-03;
3.696400e-04 -9.018700e-04;
6.745600e-04 -1.655600e-03;
5.435700e-04 -1.466400e-03;
3.817100e-04 -8.866000e-04;
9.810500e-05 2.245800e-05;
7.740900e-05 2.725500e-05;
9.810500e-05 2.245800e-05;
7.740900e-05 2.725500e-05;
8.499500e-05 2.745800e-05;
8.499500e-05 2.745800e-05;
7.800700e-05 2.391100e-05;
7.800700e-05 2.391100e-05;
9.484700e-05 4.061300e-05;
7.793200e-05 2.511800e-05;
7.793200e-05 2.511800e-05;
8.519100e-05 2.833400e-05;
8.519100e-05 2.833400e-05;
3.138600e-05 -6.468400e-05;
3.138600e-05 -6.468400e-05;
4.763600e-05 -7.766500e-05;
4.763600e-05 -7.766500e-05;
3.617800e-05 -7.066400e-05;
3.617800e-05 -7.066400e-05;
7.400500e-05 2.397200e-05;
7.400500e-05 2.397200e-05;
7.793000e-05 2.618800e-05;
7.793000e-05 2.618800e-05;
3.352000e-05 -6.538500e-05;
3.352000e-05 -6.538500e-05;
6.839600e-05 2.206100e-05;
6.839600e-05 2.206100e-05;
6.348800e-05 2.053200e-05;
6.348800e-05 2.053200e-05;
3.471800e-05 -6.611700e-05;
3.550600e-05 -8.685000e-05;
3.471800e-05 -6.611700e-05;
3.550600e-05 -8.685000e-05;
7.401000e-05 2.463700e-05;
7.401000e-05 2.463700e-05;
3.257200e-05 -6.390800e-05;
3.257200e-05 -6.390800e-05;
5.918800e-05 1.918800e-05;
5.918800e-05 1.918800e-05;
3.742900e-05 -7.483900e-05;
3.742900e-05 -7.483900e-05;
6.890300e-05 2.298300e-05;
6.890300e-05 2.298300e-05;
3.055000e-05 -5.959300e-05;
3.055000e-05 -5.959300e-05;
2.874400e-05 -5.623500e-05;
2.874400e-05 -5.623500e-05;
5.505300e-05 1.776300e-05;
5.505300e-05 1.776300e-05;
3.506800e-05 -7.035900e-05;
3.506800e-05 -7.035900e-05;
6.619400e-05 2.183200e-05;
6.619400e-05 2.183200e-05;
2.682800e-05 -5.247000e-05;
2.682800e-05 -5.247000e-05;
5.139100e-05 1.662600e-05;
5.139100e-05 1.662600e-05;
3.424900e-05 -6.828500e-05;
3.424900e-05 -6.828500e-05;
6.267000e-05 2.099100e-05;
6.267000e-05 2.099100e-05;
2.501800e-05 -4.887200e-05;
2.501800e-05 -4.887200e-05;
2.322400e-05 -4.543400e-05;
2.322400e-05 -4.543400e-05;
4.896800e-05 1.603100e-05;
4.896800e-05 1.603100e-05;
3.226500e-05 -6.447800e-05;
3.226500e-05 -6.447800e-05;
5.803600e-05 1.937400e-05;
5.803600e-05 1.937400e-05;
2.227000e-05 -4.400400e-05;
2.227000e-05 -4.400400e-05;
4.901700e-05 1.628500e-05;
4.901700e-05 1.628500e-05;
3.060600e-05 -6.097400e-05;
3.060600e-05 -6.097400e-05;
5.570300e-05 1.914600e-05;
5.570300e-05 1.914600e-05;
2.255000e-05 -4.475400e-05;
2.255000e-05 -4.475400e-05;
2.846500e-05 -5.715600e-05;
2.846500e-05 -5.715600e-05;
5.097900e-05 1.604100e-05;
5.097900e-05 1.604100e-05;
2.690000e-05 -5.374000e-05;
2.690000e-05 -5.374000e-05;
4.224400e-05 1.160500e-04;
5.010800e-05 2.301100e-05;
5.010800e-05 2.301100e-05;
2.565600e-05 -5.261900e-05;
2.565600e-05 -5.261900e-05;
5.367200e-05 1.127200e-04;
4.224400e-05 1.160500e-04;
4.224400e-05 1.160500e-04;
1.350600e-04 -1.161600e-05;
1.350600e-04 -1.161600e-05;
2.484300e-05 -4.753000e-05;
2.484300e-05 -4.753000e-05;
5.367200e-05 1.127200e-04;
5.367200e-05 1.127200e-04;
4.933500e-05 1.136400e-04;
4.933500e-05 1.136400e-04;
1.055700e-04 -4.957800e-05;
1.055700e-04 -4.957800e-05;
1.892700e-05 -5.165100e-05;
1.892700e-05 -5.165100e-05;
4.706900e-05 1.172700e-04;
4.706900e-05 1.172700e-04;
5.100300e-05 1.214400e-04;
5.100300e-05 1.214400e-04;
5.206300e-05 1.230500e-04;
5.206300e-05 1.230500e-04;
1.095800e-04 -4.307300e-05;
1.095800e-04 -4.307300e-05;
1.044200e-04 -8.746400e-05;
1.044200e-04 -8.746400e-05;
5.189500e-05 1.242400e-04;
5.189500e-05 1.242400e-04;
5.260200e-05 1.246500e-04;
5.260200e-05 1.246500e-04;
1.180100e-04 -4.830000e-05;
1.180100e-04 -4.830000e-05;
1.113100e-04 -3.918800e-05;
1.113100e-04 -3.918800e-05;
5.302700e-05 1.280800e-04;
5.302700e-05 1.280800e-04;
5.211500e-05 1.236800e-04;
5.211500e-05 1.236800e-04;
1.214700e-04 -4.926000e-05;
1.214700e-04 -4.926000e-05;
1.110400e-04 -4.725000e-05;
1.110400e-04 -4.725000e-05;
5.459500e-05 1.313700e-04;
5.459500e-05 1.313700e-04;
5.058400e-05 1.199900e-04;
5.058400e-05 1.199900e-04;
4.819300e-05 1.142600e-04;
4.819300e-05 1.142600e-04;
1.244700e-04 -5.072300e-05;
1.244700e-04 -5.072300e-05;
1.215100e-04 -5.000100e-05;
1.215100e-04 -5.000100e-05;
5.327600e-05 1.286400e-04;
5.327600e-05 1.286400e-04;
4.508500e-05 1.071500e-04;
4.508500e-05 1.071500e-04;
1.236100e-04 -5.028400e-05;
1.236100e-04 -5.028400e-05;
1.252000e-04 -5.198500e-05;
1.252000e-04 -5.198500e-05;
5.123200e-05 1.235000e-04;
5.123200e-05 1.235000e-04;
4.208800e-05 9.986400e-05;
4.208800e-05 9.986400e-05;
1.199500e-04 -4.880200e-05;
1.199500e-04 -4.880200e-05;
1.145700e-04 -4.664000e-05;
1.145700e-04 -4.664000e-05;
1.290500e-04 -5.333300e-05;
1.290500e-04 -5.333300e-05;
4.931500e-05 1.183100e-04;
4.931500e-05 1.183100e-04;
3.913600e-05 9.302300e-05;
3.913600e-05 9.302300e-05;
1.079300e-04 -4.392900e-05;
1.079300e-04 -4.392900e-05;
1.273300e-04 -5.262900e-05;
1.273300e-04 -5.262900e-05;
4.699400e-05 1.134400e-04;
4.699400e-05 1.134400e-04;
3.719600e-05 8.981100e-05;
3.719600e-05 8.981100e-05;
1.002100e-04 -4.073500e-05;
1.002100e-04 -4.073500e-05;
9.373900e-05 -3.827000e-05;
9.373900e-05 -3.827000e-05;
1.237300e-04 -5.108300e-05;
1.237300e-04 -5.108300e-05;
4.476200e-05 1.078300e-04;
4.476200e-05 1.078300e-04;
3.766800e-05 9.087500e-05;
3.766800e-05 9.087500e-05;
9.055400e-05 -3.750400e-05;
9.055400e-05 -3.750400e-05;
1.188200e-04 -4.897800e-05;
1.188200e-04 -4.897800e-05;
4.193400e-05 1.046500e-04;
4.193400e-05 1.046500e-04;
9.197100e-05 -3.802000e-05;
9.197100e-05 -3.802000e-05;
1.130600e-04 -4.693000e-05;
1.130600e-04 -4.693000e-05;
4.229900e-05 9.533600e-05;
4.229900e-05 9.533600e-05;
1.068100e-04 -4.409300e-05;
1.068100e-04 -4.409300e-05;
2.841700e-05 1.059400e-04;
2.841700e-05 1.059400e-04;
1.032800e-04 -4.413500e-05;
1.032800e-04 -4.413500e-05;
-1.054900e-04 2.236500e-04;
2.157600e-04 1.893700e-04;
2.157600e-04 1.893700e-04;
9.463400e-05 -3.660900e-05;
9.463400e-05 -3.660900e-05;
-1.054900e-04 2.236500e-04;
-1.054900e-04 2.236500e-04;
-8.248500e-05 2.360100e-04;
2.382000e-04 8.625300e-05;
2.382000e-04 8.625300e-05;
9.291700e-05 -5.383900e-05;
9.291700e-05 -5.383900e-05;
-9.027400e-05 2.295400e-04;
-9.027400e-05 2.295400e-04;
-8.248500e-05 2.360100e-04;
-8.248500e-05 2.360100e-04;
2.340000e-04 1.016100e-04;
2.340000e-04 1.016100e-04;
2.823200e-04 1.905200e-05;
2.823200e-04 1.905200e-05;
-9.995800e-05 2.444600e-04;
-9.995800e-05 2.444600e-04;
-1.005200e-04 2.483100e-04;
-1.005200e-04 2.483100e-04;
-9.936000e-05 2.319500e-04;
-9.936000e-05 2.319500e-04;
2.525200e-04 1.058500e-04;
2.525200e-04 1.058500e-04;
2.230000e-04 1.073500e-04;
2.230000e-04 1.073500e-04;
-1.025800e-04 2.519400e-04;
-1.025800e-04 2.519400e-04;
-1.017200e-04 2.479000e-04;
-1.017200e-04 2.479000e-04;
2.557800e-04 1.081200e-04;
2.557800e-04 1.081200e-04;
2.321100e-04 9.321400e-05;
2.321100e-04 9.321400e-05;
-1.021800e-04 2.508900e-04;
-1.021800e-04 2.508900e-04;
-1.057800e-04 2.549600e-04;
-1.057800e-04 2.549600e-04;
2.592800e-04 1.093200e-04;
2.592800e-04 1.093200e-04;
2.473400e-04 1.032000e-04;
2.473400e-04 1.032000e-04;
-9.896600e-05 2.433600e-04;
-9.896600e-05 2.433600e-04;
-9.368800e-05 2.304800e-04;
-9.368800e-05 2.304800e-04;
-1.075400e-04 2.604500e-04;
-1.075400e-04 2.604500e-04;
2.545600e-04 1.073500e-04;
2.545600e-04 1.073500e-04;
2.528800e-04 1.044700e-04;
2.528800e-04 1.044700e-04;
-8.802900e-05 2.157400e-04;
-8.802900e-05 2.157400e-04;
-1.056500e-04 2.554000e-04;
-1.056500e-04 2.554000e-04;
2.464000e-04 1.038800e-04;
2.464000e-04 1.038800e-04;
2.333200e-04 9.840900e-05;
2.333200e-04 9.840900e-05;
2.575400e-04 1.070300e-04;
2.575400e-04 1.070300e-04;
-8.220100e-05 2.016400e-04;
-8.220100e-05 2.016400e-04;
-1.020300e-04 2.467700e-04;
-1.020300e-04 2.467700e-04;
-7.622900e-05 1.871800e-04;
-7.622900e-05 1.871800e-04;
2.193200e-04 9.219400e-05;
2.193200e-04 9.219400e-05;
2.533900e-04 1.051200e-04;
2.533900e-04 1.051200e-04;
-9.753100e-05 2.367800e-04;
-9.753100e-05 2.367800e-04;
-7.477000e-05 1.798000e-04;
-7.477000e-05 1.798000e-04;
2.039500e-04 8.604200e-05;
2.039500e-04 8.604200e-05;
1.893400e-04 7.954300e-05;
1.893400e-04 7.954300e-05;
2.446400e-04 1.016100e-04;
2.446400e-04 1.016100e-04;
-9.396900e-05 2.269000e-04;
-9.396900e-05 2.269000e-04;
-7.613400e-05 1.836500e-04;
-7.613400e-05 1.836500e-04;
1.838600e-04 7.598200e-05;
1.838600e-04 7.598200e-05;
2.352400e-04 9.790700e-05;
2.352400e-04 9.790700e-05;
-8.926100e-05 2.161400e-04;
-8.926100e-05 2.161400e-04;
1.868800e-04 7.736100e-05;
1.868800e-04 7.736100e-05;
2.239300e-04 9.256700e-05;
2.239300e-04 9.256700e-05;
-8.902100e-05 2.073300e-04;
-8.902100e-05 2.073300e-04;
2.123200e-04 8.816500e-05;
2.123200e-04 8.816500e-05;
-7.412900e-05 1.914000e-04;
-7.412900e-05 1.914000e-04;
2.057300e-04 8.227900e-05;
2.057300e-04 8.227900e-05;
-1.092700e-04 1.879600e-04;
-1.092700e-04 1.879600e-04;
1.829900e-04 8.087800e-05;
1.829900e-04 8.087800e-05;
4.193900e-05 5.802800e-04;
4.193900e-05 5.802800e-04;
1.993100e-04 5.184100e-05;
1.993100e-04 5.184100e-05;
2.236800e-04 4.714500e-04;
2.236800e-04 4.714500e-04;
3.670200e-04 4.189700e-04;
3.670200e-04 4.189700e-04;
1.944100e-04 4.855700e-04;
1.944100e-04 4.855700e-04;
1.617600e-04 4.606800e-04;
1.617600e-04 4.606800e-04;
1.293600e-03 -1.030500e-04;
1.293600e-03 -1.030500e-04;
2.081600e-03 -1.588000e-17;
8.750000e-04 0;
2.086000e-04 5.028300e-04;
2.086000e-04 5.028300e-04;
1.937400e-04 4.525700e-04;
1.937400e-04 4.525700e-04;
1.218800e-03 2.848900e-05;
1.218800e-03 2.848900e-05;
2.032300e-04 4.946900e-04;
2.032300e-04 4.946900e-04;
2.032500e-04 4.941400e-04;
2.032500e-04 4.941400e-04;
1.183700e-03 -6.682400e-06;
1.183700e-03 -6.682400e-06;
1.315800e-03 1.043700e-04;
2.091200e-03 -3.101300e-17;
1.315800e-03 1.043700e-04;
8.750000e-04 0;
2.015800e-04 4.891600e-04;
2.015800e-04 4.891600e-04;
1.935200e-04 4.698700e-04;
1.935200e-04 4.698700e-04;
2.117200e-04 5.099000e-04;
2.117200e-04 5.099000e-04;
1.111500e-03 1.690200e-06;
1.111500e-03 1.690200e-06;
1.043200e-03 1.981800e-07;
1.043200e-03 1.981800e-07;
1.210100e-03 -2.940600e-05;
1.210100e-03 -2.940600e-05;
1.855300e-04 4.494500e-04;
1.855300e-04 4.494500e-04;
2.139600e-04 5.183000e-04;
2.139600e-04 5.183000e-04;
9.740700e-04 1.103700e-06;
9.740700e-04 1.103700e-06;
1.191300e-03 5.678500e-06;
1.191300e-03 5.678500e-06;
1.786100e-04 4.309500e-04;
1.786100e-04 4.309500e-04;
2.107200e-04 5.078800e-04;
2.107200e-04 5.078800e-04;
9.146100e-04 4.725800e-07;
9.146100e-04 4.725800e-07;
1.111800e-03 1.181300e-07;
1.111800e-03 1.181300e-07;
1.674100e-04 4.061400e-04;
1.674100e-04 4.061400e-04;
1.534700e-04 3.749400e-04;
1.534700e-04 3.749400e-04;
2.016900e-04 4.867000e-04;
2.016900e-04 4.867000e-04;
8.507200e-04 -1.025200e-06;
8.507200e-04 -1.025200e-06;
1.032700e-03 -5.012600e-07;
1.032700e-03 -5.012600e-07;
1.384500e-04 3.375000e-04;
1.384500e-04 3.375000e-04;
1.251400e-04 3.142100e-04;
1.251400e-04 3.142100e-04;
1.935000e-04 4.692800e-04;
1.935000e-04 4.692800e-04;
7.879000e-04 1.365200e-06;
7.879000e-04 1.365200e-06;
7.524400e-04 4.681900e-08;
7.524400e-04 4.681900e-08;
9.757700e-04 -2.381700e-06;
9.757700e-04 -2.381700e-06;
6.864400e-04 -2.119100e-06;
6.864400e-04 -2.119100e-06;
9.627700e-05 2.473700e-04;
9.627700e-05 2.473700e-04;
1.869100e-04 4.508200e-04;
1.869100e-04 4.508200e-04;
8.980400e-04 3.607600e-07;
8.980400e-04 3.607600e-07;
1.774900e-04 4.327200e-04;
1.774900e-04 4.327200e-04;
8.273000e-04 2.765700e-07;
8.273000e-04 2.765700e-07;
1.804900e-04 4.453700e-04;
1.804900e-04 4.453700e-04;
7.676700e-04 -6.474000e-07;
7.676700e-04 -6.474000e-07;
1.811200e-04 4.462500e-04;
1.811200e-04 4.462500e-04;
7.264900e-04 1.356100e-07;
7.264900e-04 1.356100e-07;
1.983000e-04 4.628500e-04;
1.983000e-04 4.628500e-04;
6.641500e-04 2.014600e-06;
6.641500e-04 2.014600e-06;
1.359200e-04 -4.479700e-07;
1.359200e-04 -4.479700e-07;
1.968900e-04 -4.610300e-04;
1.968900e-04 -4.610300e-04;
1.800500e-04 -4.410700e-04;
1.800500e-04 -4.410700e-04;
9.973200e-05 -2.558400e-04;
9.973200e-05 -2.558400e-04;
1.808100e-04 -4.471600e-04;
1.808100e-04 -4.471600e-04;
1.302700e-04 -3.259200e-04;
1.302700e-04 -3.259200e-04;
1.797300e-04 -4.388200e-04;
1.797300e-04 -4.388200e-04;
1.443400e-04 -3.534600e-04;
1.443400e-04 -3.534600e-04;
1.908100e-04 -4.601700e-04;
1.908100e-04 -4.601700e-04;
1.628500e-04 -3.971400e-04;
1.628500e-04 -3.971400e-04;
1.993200e-04 -4.821000e-04;
1.993200e-04 -4.821000e-04;
1.782100e-04 -4.309000e-04;
1.782100e-04 -4.309000e-04;
2.062000e-04 -4.989000e-04;
2.062000e-04 -4.989000e-04;
1.903900e-04 -4.605000e-04;
1.903900e-04 -4.605000e-04;
2.103100e-04 -5.080200e-04;
2.103100e-04 -5.080200e-04;
1.997200e-04 -4.847200e-04;
1.997200e-04 -4.847200e-04;
2.083500e-04 -5.042100e-04;
2.083500e-04 -5.042100e-04;
2.075900e-04 -5.038600e-04;
2.075900e-04 -5.038600e-04;
2.007700e-04 -4.834400e-04;
2.007700e-04 -4.834400e-04;
1.931900e-04 -4.696600e-04;
1.931900e-04 -4.696600e-04;
2.093500e-04 -5.065500e-04;
2.093500e-04 -5.065500e-04;
1.864400e-04 -4.349300e-04;
1.864400e-04 -4.349300e-04;
2.026200e-04 -4.935600e-04;
2.026200e-04 -4.935600e-04;
1.574000e-04 -4.508900e-04;
1.574000e-04 -4.508900e-04;
1.991300e-04 -4.792700e-04;
1.991300e-04 -4.792700e-04;
1.773300e-04 -4.464800e-04;
1.773300e-04 -4.464800e-04;
2.067900e-04 -4.293300e-04;
2.067900e-04 -4.293300e-04;
2.067900e-04 -4.293300e-04;
