3.273500e-04 1.067200e-04;
3.252000e-04 1.069300e-04;
2.478400e-04 6.313300e-05;
2.421300e-04 9.656000e-05;
1.593000e-04 -3.139900e-04;
1.212800e-04 -2.026600e-04;
1.435300e-04 -2.833500e-04;
1.451400e-04 -2.889000e-04;
9.457600e-05 -2.230900e-04;
3.348000e-05 -6.587700e-05;
1.944500e-04 -2.141700e-05;
3.348000e-05 -6.587700e-05;
7.087600e-05 2.308300e-05;
7.087600e-05 2.308300e-05;
5.433700e-05 1.286800e-04;
5.433700e-05 1.286800e-04;
2.845300e-04 2.607600e-04;
1.314600e-04 -5.338100e-05;
1.314600e-04 -5.338100e-05;
-1.072300e-04 2.637400e-04;
-1.072300e-04 2.637400e-04;
3.382800e-05 7.847600e-04;
2.679400e-04 1.130200e-04;
2.679400e-04 1.130200e-04;
4.979100e-03 4.484000e-17;
3.572200e-03 -3.158900e-17;
4.766000e-03 7.425100e-05;
4.730100e-03 -9.060400e-05;
1.002400e-03 1.376900e-05;
1.002400e-03 1.376900e-05;
3.007200e-03 1.196600e-03;
1.805600e-04 3.884000e-04;
1.805600e-04 3.884000e-04;
9.653400e-04 -1.200900e-05;
1.780600e-04 -3.842600e-04;
9.653400e-04 -1.200900e-05;
1.780600e-04 -3.842600e-04;
1.780600e-04 -3.842600e-04;
2.234000e-04 7.550100e-05;
3.240200e-04 1.068000e-04;
2.248600e-04 7.436200e-05;
2.223600e-04 7.059600e-05;
3.229200e-04 1.057900e-04;
2.166400e-04 6.902400e-05;
2.285200e-04 7.531900e-05;
9.264200e-05 -1.907200e-04;
3.048600e-04 1.009300e-04;
3.074300e-04 1.002300e-04;
2.050500e-04 6.698500e-05;
2.157200e-04 7.148100e-05;
1.400400e-04 -2.787800e-04;
9.854300e-05 -1.908700e-04;
9.384700e-05 -1.848800e-04;
1.592700e-04 -3.134200e-04;
1.008800e-04 -1.928900e-04;
3.245500e-04 1.076400e-04;
3.076000e-04 1.000300e-04;
1.925100e-04 6.237800e-05;
2.043400e-04 6.826300e-05;
1.461200e-04 -2.894100e-04;
9.128100e-05 -1.789400e-04;
1.511300e-04 -2.989200e-04;
1.008300e-04 -2.015200e-04;
3.205300e-04 1.044600e-04;
3.050100e-04 9.995500e-05;
1.804200e-04 5.820900e-05;
2.809500e-04 9.159200e-05;
1.701000e-04 5.544700e-05;
1.945000e-04 6.434200e-05;
1.438600e-04 -2.830100e-04;
8.660700e-05 -1.697800e-04;
1.500800e-04 -2.980000e-04;
9.785100e-05 -1.963200e-04;
3.248100e-04 1.059500e-04;
2.690500e-04 8.727800e-05;
1.589800e-04 5.147900e-05;
3.287800e-04 1.086900e-04;
1.871800e-04 6.198600e-05;
1.425500e-04 -2.802300e-04;
8.249300e-05 -1.611200e-04;
1.337100e-04 -2.625500e-04;
7.705500e-05 -1.514500e-04;
1.519200e-04 -3.007500e-04;
9.531100e-05 -1.892000e-04;
2.951100e-04 9.699200e-05;
2.725900e-04 8.949600e-05;
1.495000e-04 4.874900e-05;
3.350800e-04 1.110400e-04;
2.703200e-04 9.049400e-05;
1.435200e-04 4.737900e-05;
1.784800e-04 5.972000e-05;
1.308900e-04 -2.591200e-04;
7.269600e-05 -1.420500e-04;
1.545500e-04 -3.093200e-04;
1.560600e-04 -3.074000e-04;
9.172600e-05 -1.815000e-04;
2.843100e-04 9.474400e-05;
3.340700e-04 1.119700e-04;
3.296600e-04 1.132600e-04;
2.463200e-04 8.580400e-05;
1.423100e-04 4.893300e-05;
1.672900e-04 5.602900e-05;
1.261500e-04 -2.480100e-04;
6.789900e-05 -1.332200e-04;
1.168500e-04 -2.333800e-04;
6.501000e-05 -1.296300e-04;
1.588100e-04 -3.141600e-04;
1.396100e-04 -2.779200e-04;
8.646700e-05 -1.735900e-04;
2.915500e-04 9.971200e-05;
3.265300e-04 1.167100e-04;
3.220200e-04 1.156800e-04;
2.491100e-04 8.686500e-05;
1.452600e-04 4.687600e-05;
1.596200e-04 5.502300e-05;
1.077400e-04 -2.214000e-04;
6.476400e-05 -1.313000e-04;
1.428300e-04 -2.963400e-04;
1.582000e-04 -3.184100e-04;
1.347400e-04 -2.689200e-04;
8.138100e-05 -1.633400e-04;
2.633200e-04 9.342500e-05;
6.918600e-05 -1.348400e-04;
3.280800e-04 1.130900e-04;
3.180700e-04 9.885600e-05;
2.286700e-04 6.222800e-05;
1.469000e-04 5.101300e-05;
1.088500e-04 -2.242700e-04;
1.082800e-04 -1.995700e-04;
1.427300e-04 -2.999400e-04;
1.521400e-04 -3.157500e-04;
1.290000e-04 -2.642100e-04;
7.744800e-05 -1.551700e-04;
2.624100e-04 8.618700e-05;
1.944500e-04 -2.141700e-05;
1.604000e-04 -1.441800e-04;
3.524100e-04 6.686200e-05;
3.214600e-04 2.408800e-05;
2.492800e-04 5.950200e-04;
1.745400e-04 5.173400e-05;
1.553600e-04 -2.950400e-04;
1.734500e-04 -2.495900e-04;
1.529700e-04 -3.094100e-04;
1.181800e-04 -2.471600e-04;
7.354400e-05 -1.506700e-04;
3.329900e-04 3.654000e-05;
3.043900e-04 -1.041500e-04;
2.470400e-04 -2.208800e-04;
4.363100e-04 -7.639100e-05;
2.393100e-04 5.170600e-04;
1.348900e-04 3.295800e-04;
1.983200e-04 5.406500e-04;
2.605400e-04 6.250100e-04;
3.447600e-04 -4.567800e-05;
2.077600e-04 -2.995000e-04;
1.367100e-04 -2.504500e-04;
6.843200e-05 -1.410500e-04;
4.955800e-04 -1.123600e-04;
3.727000e-04 -2.511100e-04;
5.234800e-04 -2.152100e-04;
1.406300e-04 3.307500e-04;
2.268400e-04 5.393200e-04;
1.392800e-04 3.287900e-04;
2.249700e-04 5.392400e-04;
2.631600e-04 6.219300e-04;
5.202600e-04 -1.832700e-04;
3.125500e-04 -1.311100e-04;
2.882800e-04 -2.719900e-04;
8.579900e-05 -1.592200e-04;
6.004200e-04 -2.486700e-04;
4.477600e-04 -2.690100e-04;
1.407600e-04 3.362400e-04;
2.313500e-04 5.521500e-04;
1.440500e-04 3.437700e-04;
2.543400e-04 6.153800e-04;
5.390300e-04 -2.209700e-04;
3.162500e-04 -1.278300e-04;
6.266900e-04 -2.563800e-04;
2.771900e-04 -2.116400e-04;
5.101800e-04 -2.250700e-04;
1.437300e-04 3.499900e-04;
2.511700e-04 5.948900e-04;
1.487100e-04 3.495100e-04;
2.378600e-04 5.664100e-04;
2.335300e-04 5.529300e-04;
1.470700e-04 3.513900e-04;
5.566200e-04 -2.259000e-04;
3.341000e-04 -1.364500e-04;
6.297900e-04 -2.587400e-04;
5.291800e-04 -2.176200e-04;
3.184500e-04 -1.265700e-04;
1.519000e-04 3.615300e-04;
2.588300e-04 6.157700e-04;
2.455500e-04 5.921100e-04;
1.477900e-04 3.514400e-04;
5.755200e-04 -2.375500e-04;
3.454600e-04 -1.401300e-04;
6.252500e-04 -2.531800e-04;
5.323800e-04 -2.188700e-04;
3.217100e-04 -1.334500e-04;
1.534500e-04 3.696300e-04;
2.517800e-04 6.086500e-04;
2.473900e-04 5.886800e-04;
1.435900e-04 3.414700e-04;
5.747200e-04 -2.356700e-04;
3.521400e-04 -1.438900e-04;
5.885900e-04 -2.409500e-04;
3.440300e-04 -1.412400e-04;
1.504800e-04 3.627100e-04;
2.568200e-04 6.143900e-04;
2.455500e-04 5.862100e-04;
1.382700e-04 3.271800e-04;
2.346700e-04 5.571100e-04;
1.303000e-04 3.093800e-04;
5.847700e-04 -2.381900e-04;
3.506700e-04 -1.431200e-04;
5.827800e-04 -2.425300e-04;
3.556000e-04 -1.477600e-04;
1.455400e-04 3.500400e-04;
2.627300e-04 6.238400e-04;
2.635300e-04 6.321600e-04;
2.126800e-04 5.096800e-04;
1.216900e-04 2.903600e-04;
5.750100e-04 -2.370000e-04;
3.419300e-04 -1.391800e-04;
6.051200e-04 -2.478500e-04;
3.633900e-04 -1.491900e-04;
1.407100e-04 3.380800e-04;
2.415700e-04 5.786000e-04;
2.652700e-04 6.423000e-04;
2.174400e-04 5.214900e-04;
1.141900e-04 2.724000e-04;
2.017300e-04 4.970300e-04;
1.080600e-04 2.649500e-04;
5.692100e-04 -2.323000e-04;
3.282100e-04 -1.339000e-04;
5.560000e-04 -2.254200e-04;
3.121000e-04 -1.267700e-04;
5.802300e-04 -2.358400e-04;
3.587500e-04 -1.489500e-04;
1.345000e-04 3.248300e-04;
2.301000e-04 5.556500e-04;
1.905100e-04 4.817400e-04;
1.078500e-04 2.659600e-04;
2.639000e-04 6.478800e-04;
2.378900e-04 6.099100e-04;
5.016200e-04 -2.062700e-04;
2.909200e-04 -1.187000e-04;
6.319200e-04 -2.615200e-04;
5.931200e-04 -2.450400e-04;
3.521600e-04 -1.443200e-04;
1.285300e-04 3.116800e-04;
2.209300e-04 5.512900e-04;
1.902500e-04 4.647600e-04;
1.134800e-04 2.628300e-04;
2.384100e-04 6.075100e-04;
2.515000e-04 6.419500e-04;
1.852800e-04 3.855700e-04;
4.812700e-04 -2.026300e-04;
2.741600e-04 -1.124800e-04;
2.659100e-04 -1.116700e-04;
5.096500e-04 -2.081300e-04;
6.403900e-04 -2.645500e-04;
5.440000e-04 -2.252800e-04;
3.392200e-04 -1.403900e-04;
1.200600e-04 3.007700e-04;
2.027800e-04 5.180600e-04;
2.700000e-04 -1.065900e-04;
2.672500e-04 5.857500e-04;
2.593200e-04 6.398600e-04;
2.845300e-04 2.607600e-04;
3.108200e-04 4.818100e-04;
4.504000e-04 -1.950200e-04;
2.673100e-04 -1.129300e-04;
5.960400e-04 -2.603400e-04;
6.459400e-04 -2.721400e-04;
5.351800e-04 -2.218700e-04;
3.235200e-04 -1.341100e-04;
1.144600e-04 2.812900e-04;
2.427400e-04 5.266900e-04;
4.552300e-04 -1.917600e-04;
4.116700e-04 -1.494100e-04;
3.982900e-04 -8.937400e-06;
5.311000e-04 2.042900e-04;
3.769600e-04 6.081700e-04;
5.098000e-04 4.271000e-04;
5.992100e-04 -2.632800e-04;
6.300600e-04 -2.734900e-04;
5.221900e-04 -2.238300e-04;
3.087700e-04 -1.281400e-04;
1.492000e-04 3.315400e-04;
4.037100e-04 5.405700e-04;
6.071100e-04 -2.276400e-04;
5.808200e-04 -1.252100e-04;
6.737200e-04 3.253600e-05;
7.424700e-04 2.919300e-04;
6.729200e-04 5.325600e-04;
6.239700e-04 -2.650800e-04;
4.933400e-04 -2.160600e-04;
2.962400e-04 -1.266700e-04;
-4.779200e-04 1.179300e-03;
5.679800e-04 4.475200e-04;
8.428200e-04 5.549100e-04;
6.979900e-04 -1.611200e-04;
8.461000e-04 7.552700e-05;
9.795200e-04 3.976900e-04;
5.369900e-04 -1.990100e-04;
2.728400e-04 -1.167000e-04;
-3.841000e-04 1.052800e-03;
-2.769400e-04 6.569300e-04;
-5.128500e-04 1.249100e-03;
-4.897600e-04 1.050100e-03;
1.045600e-03 5.019100e-04;
6.726900e-04 2.792900e-04;
1.179100e-03 4.809000e-04;
7.086200e-04 -5.391200e-05;
9.882400e-04 2.122600e-04;
3.341900e-04 -1.248000e-04;
-4.426300e-04 1.083000e-03;
-2.669900e-04 6.605800e-04;
-5.062700e-04 1.245000e-03;
-4.582900e-04 1.121200e-03;
-2.673800e-04 6.686700e-04;
1.103800e-03 4.658200e-04;
6.753100e-04 2.843600e-04;
1.244000e-03 5.221900e-04;
1.030000e-03 3.892700e-04;
7.087800e-04 8.283100e-05;
-4.607400e-04 1.124900e-03;
-2.843300e-04 6.903700e-04;
-4.964900e-04 1.191700e-03;
-2.790700e-04 6.722100e-04;
1.160000e-03 4.802900e-04;
7.084100e-04 2.989700e-04;
1.242300e-03 5.232700e-04;
1.070100e-03 4.467700e-04;
6.556700e-04 2.829600e-04;
-4.956500e-04 1.225600e-03;
-2.819300e-04 7.055100e-04;
-4.494200e-04 1.101500e-03;
-2.916600e-04 7.099800e-04;
-4.701800e-04 1.143200e-03;
-2.894000e-04 6.971100e-04;
1.150500e-03 4.819100e-04;
7.224900e-04 3.042800e-04;
1.175700e-03 4.895900e-04;
6.678100e-04 2.771600e-04;
-4.845100e-04 1.172200e-03;
-2.904200e-04 7.096500e-04;
-5.114700e-04 1.257100e-03;
-2.943800e-04 7.225900e-04;
1.152200e-03 4.818300e-04;
7.307300e-04 3.084400e-04;
1.170300e-03 4.862100e-04;
6.983500e-04 2.894700e-04;
-4.863800e-04 1.190300e-03;
-2.815100e-04 6.918600e-04;
-4.994200e-04 1.211200e-03;
-3.041200e-04 7.323300e-04;
1.147300e-03 4.842600e-04;
7.192000e-04 3.001800e-04;
1.164000e-03 4.877700e-04;
7.156000e-04 2.953200e-04;
-4.772200e-04 1.166300e-03;
-2.675600e-04 6.606300e-04;
-4.439000e-04 1.089600e-03;
-2.545300e-04 6.232400e-04;
-5.016000e-04 1.221100e-03;
-2.976000e-04 7.219800e-04;
1.201900e-03 5.048300e-04;
6.981400e-04 2.955500e-04;
1.169300e-03 4.843400e-04;
7.245400e-04 3.025300e-04;
-4.201600e-04 1.020200e-03;
-2.393600e-04 5.834900e-04;
-5.211900e-04 1.264000e-03;
-5.137200e-04 1.259200e-03;
-2.886000e-04 7.008000e-04;
1.152300e-03 4.802000e-04;
6.688700e-04 2.819300e-04;
1.121200e-03 4.766900e-04;
6.299100e-04 2.644000e-04;
1.164300e-03 4.922300e-04;
7.166400e-04 2.970200e-04;
-4.235800e-04 1.021700e-03;
-2.240000e-04 5.491800e-04;
-3.809100e-04 8.997900e-04;
-2.251200e-04 5.292500e-04;
-5.340200e-04 1.283000e-03;
-4.744400e-04 1.156800e-03;
-2.793700e-04 6.756900e-04;
1.069800e-03 4.461600e-04;
5.927800e-04 2.497100e-04;
1.262300e-03 5.202600e-04;
1.195100e-03 4.975900e-04;
6.939200e-04 2.905600e-04;
-4.110000e-04 9.421400e-04;
-2.269100e-04 5.350300e-04;
-5.262700e-04 1.179100e-03;
-5.483400e-04 1.295400e-03;
-4.468200e-04 1.079000e-03;
-2.697200e-04 6.499100e-04;
1.021900e-03 4.276200e-04;
5.544000e-04 2.316600e-04;
9.705100e-04 3.938500e-04;
5.428400e-04 2.204100e-04;
1.280800e-03 5.358400e-04;
1.104800e-03 4.572100e-04;
6.734600e-04 2.793400e-04;
-3.823300e-04 8.998400e-04;
-2.157900e-04 5.412600e-04;
-2.794800e-04 8.135600e-04;
-5.348100e-04 1.200200e-03;
-5.597900e-04 1.261200e-03;
-4.459900e-04 1.043600e-03;
-2.594700e-04 6.230500e-04;
5.447100e-04 2.355700e-04;
9.247900e-04 3.609700e-04;
5.483200e-04 2.207300e-04;
1.220100e-03 4.733200e-04;
1.301100e-03 5.248100e-04;
1.098200e-03 4.547700e-04;
6.408800e-04 2.656200e-04;
3.382800e-05 7.847600e-04;
-4.576400e-04 1.219600e-03;
-2.509100e-04 1.163200e-03;
-5.339800e-04 1.248900e-03;
-4.368900e-04 9.762600e-04;
-2.564200e-04 5.928700e-04;
9.539400e-04 3.865200e-04;
8.135300e-04 3.899900e-04;
5.811200e-04 5.658100e-04;
4.703300e-04 1.064400e-03;
1.245300e-03 4.762200e-04;
1.279000e-03 4.966900e-04;
1.072100e-03 4.244900e-04;
6.153500e-04 2.533500e-04;
1.149200e-04 1.343200e-03;
-3.291500e-04 1.390400e-03;
-4.017200e-04 1.066400e-03;
-2.343300e-04 5.479100e-04;
1.188000e-03 5.378000e-04;
1.010400e-03 6.497200e-04;
9.124600e-04 1.017000e-03;
6.407700e-04 1.481100e-03;
1.255800e-03 5.001300e-04;
1.042300e-03 3.994800e-04;
5.897300e-04 2.348300e-04;
1.975700e-04 1.711900e-03;
-1.785700e-04 1.335600e-03;
-2.539700e-04 6.755800e-04;
8.277200e-04 1.954700e-03;
1.215500e-03 7.525900e-04;
1.088700e-03 1.317900e-03;
1.025300e-03 4.674900e-04;
5.401900e-04 2.152700e-04;
4.135700e-04 1.976700e-03;
1.873000e-04 1.446000e-03;
9.931200e-04 2.351000e-03;
1.094000e-03 1.696400e-03;
1.055500e-03 8.840200e-04;
6.267600e-04 2.827200e-04;
8.051000e-04 2.217400e-03;
5.778300e-04 1.373900e-03;
1.025100e-03 2.489900e-03;
9.032100e-04 2.005800e-03;
8.720700e-04 1.106900e-03;
9.270300e-04 2.212400e-03;
5.714900e-04 1.390100e-03;
1.031900e-03 2.466100e-03;
8.760900e-04 2.110000e-03;
5.226300e-04 1.309100e-03;
3.517600e-03 -1.837600e-04;
9.464300e-04 2.298100e-03;
5.853200e-04 1.420000e-03;
9.368100e-04 2.262900e-03;
5.492600e-04 1.315900e-03;
3.562400e-03 1.871600e-04;
5.490100e-03 1.429300e-05;
3.451700e-03 1.975100e-05;
9.479700e-04 2.300800e-03;
5.784500e-04 1.403800e-03;
9.781100e-04 2.366000e-03;
5.703900e-04 1.390900e-03;
3.424900e-03 -2.157000e-05;
5.175900e-03 -5.958600e-06;
3.281800e-03 -1.366500e-05;
5.046900e-03 -4.110200e-05;
9.606400e-04 2.343500e-03;
5.710300e-04 1.385200e-03;
9.512700e-04 2.320300e-03;
5.997500e-04 1.438100e-03;
4.882000e-03 -2.216200e-06;
3.126300e-03 1.771900e-05;
3.302000e-03 -1.332800e-05;
5.297300e-03 1.019900e-05;
9.585400e-04 2.340600e-03;
5.477700e-04 1.336900e-03;
9.118600e-04 2.191300e-03;
5.359500e-04 1.287500e-03;
9.565300e-04 2.316400e-03;
6.021200e-04 1.460000e-03;
5.215600e-03 2.094000e-05;
2.966400e-03 -1.266000e-05;
4.720500e-03 5.134100e-06;
2.797800e-03 1.247700e-06;
3.137500e-03 2.326700e-05;
4.874600e-03 1.752300e-05;
9.744400e-04 2.325000e-03;
5.148700e-04 1.243700e-03;
9.950600e-04 2.390600e-03;
5.927400e-04 1.434800e-03;
4.320900e-03 9.756200e-06;
2.633900e-03 6.867400e-06;
5.366000e-03 8.625300e-06;
5.244300e-03 -2.940800e-05;
2.930700e-03 -1.904700e-05;
8.847000e-04 2.152400e-03;
4.837300e-04 1.174800e-03;
1.021300e-03 2.483200e-03;
9.289000e-04 2.239800e-03;
5.751400e-04 1.380500e-03;
4.399400e-03 -2.329200e-06;
2.471200e-03 -7.029100e-06;
5.397800e-03 1.022000e-05;
4.459500e-03 -2.262700e-05;
2.801500e-03 8.339000e-06;
8.563600e-04 2.097200e-03;
4.440900e-04 1.093100e-03;
7.893700e-04 1.994600e-03;
4.006100e-04 9.945700e-04;
1.027700e-03 2.516100e-03;
8.692700e-04 2.113200e-03;
5.523100e-04 1.338900e-03;
4.222600e-03 -1.621000e-05;
2.309800e-03 4.183500e-06;
5.462900e-03 -1.131200e-05;
4.361300e-03 1.733200e-05;
2.597800e-03 2.245800e-07;
7.063800e-04 1.842800e-03;
3.483900e-04 9.079900e-04;
5.988500e-04 1.629800e-03;
2.867800e-04 7.749700e-04;
9.498000e-04 2.477400e-03;
1.001500e-03 2.516600e-03;
8.658500e-04 2.124700e-03;
5.337600e-04 1.289600e-03;
3.940800e-03 1.943300e-05;
2.198000e-03 1.393700e-06;
5.091900e-03 7.745400e-06;
3.793100e-03 -1.036200e-05;
2.059400e-03 -7.864900e-06;
5.287800e-03 9.584400e-08;
4.146400e-03 -2.411000e-07;
2.403200e-03 3.448100e-06;
3.533200e-03 1.626500e-05;
2.074500e-03 4.061000e-05;
4.238200e-04 8.244800e-04;
3.336900e-03 2.001900e-04;
6.346000e-04 1.556700e-03;
8.662100e-04 2.368600e-03;
8.354500e-04 2.178000e-03;
9.457400e-04 2.544700e-03;
8.853400e-04 2.274900e-03;
5.077800e-04 1.258900e-03;
5.340500e-03 9.409900e-06;
5.111400e-03 1.610700e-05;
5.014400e-03 6.695700e-07;
3.820300e-03 2.340800e-06;
2.260700e-03 -3.285700e-07;
4.840000e-03 6.977300e-05;
1.178800e-03 1.581400e-03;
3.007200e-03 1.196600e-03;
4.598100e-03 4.163400e-04;
1.184000e-03 2.186700e-03;
1.020100e-03 2.582100e-03;
8.280200e-04 2.207800e-03;
5.097000e-04 1.290000e-03;
5.330100e-03 1.049500e-05;
5.192800e-03 -1.894500e-05;
3.645400e-03 -7.590900e-06;
2.125300e-03 -4.692000e-08;
5.249000e-03 -1.227400e-05;
2.268300e-03 1.916500e-03;
3.724700e-03 9.909200e-04;
4.662200e-03 1.147200e-05;
1.524700e-03 2.273400e-03;
9.962700e-04 2.139000e-03;
5.267600e-04 1.338200e-03;
4.803100e-03 -5.735700e-05;
3.575100e-03 4.177700e-06;
1.999200e-03 6.819900e-06;
4.644700e-03 -4.019200e-04;
2.435300e-03 1.350800e-03;
3.369900e-03 2.356700e-05;
3.828300e-03 -9.139100e-04;
1.392600e-03 1.248100e-03;
5.916300e-04 1.166500e-03;
3.497400e-03 -1.811400e-04;
1.998900e-03 -3.860800e-05;
3.296900e-03 -1.097100e-03;
1.719600e-03 -1.171400e-04;
2.498900e-03 -1.399900e-03;
2.431100e-03 -1.822500e-03;
6.529200e-04 7.802700e-06;
1.168500e-03 -1.479400e-03;
1.223800e-03 -2.028500e-03;
1.201600e-03 -1.623300e-03;
1.464200e-03 -2.357800e-03;
5.889500e-04 -1.166500e-03;
9.046700e-04 -2.218900e-03;
5.965000e-04 -1.388800e-03;
4.084700e-04 -8.200100e-04;
9.743800e-04 -2.158900e-03;
9.875500e-04 -2.582300e-03;
5.277000e-04 -1.324400e-03;
8.493700e-04 -2.326700e-03;
5.882200e-04 -1.561000e-03;
2.955500e-04 -7.959000e-04;
8.078900e-04 -2.157400e-03;
9.447800e-04 -2.539800e-03;
5.095500e-04 -1.295100e-03;
9.537100e-04 -2.494700e-03;
6.625500e-04 -1.753900e-03;
3.635500e-04 -9.396100e-04;
8.727800e-04 -2.243000e-03;
5.158300e-04 -1.276300e-03;
1.013400e-03 -2.521500e-03;
7.731600e-04 -1.958700e-03;
4.157500e-04 -1.039900e-03;
9.047000e-04 -2.220600e-03;
5.417500e-04 -1.311500e-03;
1.032600e-03 -2.523200e-03;
8.318700e-04 -2.034400e-03;
4.694500e-04 -1.148300e-03;
9.056800e-04 -2.187400e-03;
5.705900e-04 -1.371900e-03;
1.040200e-03 -2.488300e-03;
8.810600e-04 -2.116700e-03;
5.141000e-04 -1.241700e-03;
9.762400e-04 -2.361100e-03;
5.821100e-04 -1.414000e-03;
9.487000e-04 -2.298400e-03;
5.430200e-04 -1.316500e-03;
9.627700e-04 -2.334900e-03;
5.958600e-04 -1.432700e-03;
9.708500e-04 -2.367600e-03;
5.641700e-04 -1.374500e-03;
9.892800e-04 -2.399900e-03;
5.847400e-04 -1.420200e-03;
9.517700e-04 -2.306500e-03;
5.881300e-04 -1.420900e-03;
9.733700e-04 -2.361400e-03;
5.693300e-04 -1.377500e-03;
9.472800e-04 -2.286200e-03;
5.931600e-04 -1.432300e-03;
9.345200e-04 -2.277400e-03;
5.267300e-04 -1.265900e-03;
5.512400e-04 -1.329000e-03;
9.606500e-04 -2.306100e-03;
9.776200e-04 -2.378200e-03;
5.702300e-04 -1.399100e-03;
9.032300e-04 -2.177100e-03;
5.144900e-04 -1.282500e-03;
1.029200e-03 -2.470300e-03;
9.721400e-04 -2.362300e-03;
5.627800e-04 -1.357200e-03;
9.634900e-04 -2.046700e-03;
1.034200e-03 -2.486900e-03;
9.052900e-04 -2.190600e-03;
5.280700e-04 -1.289500e-03;
9.652900e-04 -2.368800e-03;
7.793400e-04 -2.093600e-03;
5.457000e-04 -1.266200e-03;
1.401100e-04 3.209100e-05;
1.106000e-04 3.893900e-05;
1.401100e-04 3.209100e-05;
1.106000e-04 3.893900e-05;
1.214100e-04 3.922300e-05;
1.214100e-04 3.922300e-05;
1.114600e-04 3.417100e-05;
1.114600e-04 3.417100e-05;
1.354700e-04 5.798700e-05;
1.113400e-04 3.588300e-05;
1.113400e-04 3.588300e-05;
1.216800e-04 4.047500e-05;
1.216800e-04 4.047500e-05;
4.484400e-05 -9.241900e-05;
4.484400e-05 -9.241900e-05;
6.803400e-05 -1.109400e-04;
6.803400e-05 -1.109400e-04;
5.167800e-05 -1.009300e-04;
5.167800e-05 -1.009300e-04;
1.057100e-04 3.424200e-05;
1.057100e-04 3.424200e-05;
1.113300e-04 3.740800e-05;
1.113300e-04 3.740800e-05;
4.788500e-05 -9.341100e-05;
4.788500e-05 -9.341100e-05;
9.771300e-05 3.151900e-05;
9.771300e-05 3.151900e-05;
9.069800e-05 2.933000e-05;
9.069800e-05 2.933000e-05;
4.960300e-05 -9.446400e-05;
5.072300e-05 -1.240500e-04;
4.960300e-05 -9.446400e-05;
5.072300e-05 -1.240500e-04;
1.057200e-04 3.519700e-05;
1.057200e-04 3.519700e-05;
4.653100e-05 -9.129300e-05;
4.653100e-05 -9.129300e-05;
8.454700e-05 2.740900e-05;
8.454700e-05 2.740900e-05;
5.346100e-05 -1.069000e-04;
5.346100e-05 -1.069000e-04;
9.843000e-05 3.283100e-05;
9.843000e-05 3.283100e-05;
4.364000e-05 -8.513000e-05;
4.364000e-05 -8.513000e-05;
4.106300e-05 -8.033100e-05;
4.106300e-05 -8.033100e-05;
7.864200e-05 2.537500e-05;
7.864200e-05 2.537500e-05;
5.009700e-05 -1.005100e-04;
5.009700e-05 -1.005100e-04;
9.456400e-05 3.118900e-05;
9.456400e-05 3.118900e-05;
3.832100e-05 -7.494900e-05;
3.832100e-05 -7.494900e-05;
7.342100e-05 2.375500e-05;
7.342100e-05 2.375500e-05;
4.892500e-05 -9.754600e-05;
4.892500e-05 -9.754600e-05;
8.953100e-05 2.998800e-05;
8.953100e-05 2.998800e-05;
3.574000e-05 -6.981600e-05;
3.574000e-05 -6.981600e-05;
3.317700e-05 -6.490800e-05;
3.317700e-05 -6.490800e-05;
6.998800e-05 2.292000e-05;
6.998800e-05 2.292000e-05;
4.609400e-05 -9.211200e-05;
4.609400e-05 -9.211200e-05;
8.289800e-05 2.767800e-05;
8.289800e-05 2.767800e-05;
3.182500e-05 -6.290000e-05;
3.182500e-05 -6.290000e-05;
7.013300e-05 2.331500e-05;
7.013300e-05 2.331500e-05;
4.372100e-05 -8.710300e-05;
4.372100e-05 -8.710300e-05;
7.949600e-05 2.733600e-05;
7.949600e-05 2.733600e-05;
3.225500e-05 -6.404300e-05;
3.225500e-05 -6.404300e-05;
4.066400e-05 -8.164700e-05;
4.066400e-05 -8.164700e-05;
7.263000e-05 2.287800e-05;
7.263000e-05 2.287800e-05;
3.842300e-05 -7.676800e-05;
3.842300e-05 -7.676800e-05;
6.036500e-05 1.658000e-04;
7.120800e-05 3.274700e-05;
7.120800e-05 3.274700e-05;
3.660800e-05 -7.510900e-05;
3.660800e-05 -7.510900e-05;
7.666100e-05 1.610300e-04;
6.036500e-05 1.658000e-04;
6.036500e-05 1.658000e-04;
1.927100e-04 -1.665600e-05;
1.927100e-04 -1.665600e-05;
3.537500e-05 -6.773000e-05;
3.537500e-05 -6.773000e-05;
7.666100e-05 1.610300e-04;
7.666100e-05 1.610300e-04;
7.049700e-05 1.623900e-04;
7.049700e-05 1.623900e-04;
1.508100e-04 -7.081300e-05;
1.508100e-04 -7.081300e-05;
2.686000e-05 -7.342600e-05;
2.686000e-05 -7.342600e-05;
6.726800e-05 1.675800e-04;
6.726800e-05 1.675800e-04;
7.285800e-05 1.734800e-04;
7.285800e-05 1.734800e-04;
7.437100e-05 1.757700e-04;
7.437100e-05 1.757700e-04;
1.565700e-04 -6.154400e-05;
1.565700e-04 -6.154400e-05;
1.490400e-04 -1.247300e-04;
1.490400e-04 -1.247300e-04;
7.412000e-05 1.774700e-04;
7.412000e-05 1.774700e-04;
7.513900e-05 1.780700e-04;
7.513900e-05 1.780700e-04;
1.685600e-04 -6.898900e-05;
1.685600e-04 -6.898900e-05;
1.590100e-04 -5.599200e-05;
1.590100e-04 -5.599200e-05;
7.576000e-05 1.829800e-04;
7.576000e-05 1.829800e-04;
7.446100e-05 1.767100e-04;
7.446100e-05 1.767100e-04;
1.735300e-04 -7.037800e-05;
1.735300e-04 -7.037800e-05;
1.586700e-04 -6.751600e-05;
1.586700e-04 -6.751600e-05;
7.799000e-05 1.876700e-04;
7.799000e-05 1.876700e-04;
7.225800e-05 1.714000e-04;
7.225800e-05 1.714000e-04;
6.884800e-05 1.632200e-04;
6.884800e-05 1.632200e-04;
1.778100e-04 -7.245600e-05;
1.778100e-04 -7.245600e-05;
1.735800e-04 -7.142800e-05;
1.735800e-04 -7.142800e-05;
7.610500e-05 1.837600e-04;
7.610500e-05 1.837600e-04;
6.439800e-05 1.530400e-04;
6.439800e-05 1.530400e-04;
1.765700e-04 -7.182800e-05;
1.765700e-04 -7.182800e-05;
1.788500e-04 -7.426300e-05;
1.788500e-04 -7.426300e-05;
7.319300e-05 1.764400e-04;
7.319300e-05 1.764400e-04;
6.011800e-05 1.426600e-04;
6.011800e-05 1.426600e-04;
1.713600e-04 -6.972100e-05;
1.713600e-04 -6.972100e-05;
1.636700e-04 -6.662300e-05;
1.636700e-04 -6.662300e-05;
1.843400e-04 -7.617900e-05;
1.843400e-04 -7.617900e-05;
7.045500e-05 1.690200e-04;
7.045500e-05 1.690200e-04;
5.592200e-05 1.329500e-04;
5.592200e-05 1.329500e-04;
1.541500e-04 -6.274100e-05;
1.541500e-04 -6.274100e-05;
1.819100e-04 -7.519000e-05;
1.819100e-04 -7.519000e-05;
6.713900e-05 1.620700e-04;
6.713900e-05 1.620700e-04;
5.319600e-05 1.285400e-04;
5.319600e-05 1.285400e-04;
1.431600e-04 -5.819900e-05;
1.431600e-04 -5.819900e-05;
1.339600e-04 -5.470400e-05;
1.339600e-04 -5.470400e-05;
1.767500e-04 -7.297800e-05;
1.767500e-04 -7.297800e-05;
6.391400e-05 1.540200e-04;
6.391400e-05 1.540200e-04;
5.399200e-05 1.303900e-04;
5.399200e-05 1.303900e-04;
1.295800e-04 -5.370500e-05;
1.295800e-04 -5.370500e-05;
1.697400e-04 -6.996700e-05;
1.697400e-04 -6.996700e-05;
5.972300e-05 1.491900e-04;
5.972300e-05 1.491900e-04;
1.319200e-04 -5.458900e-05;
1.319200e-04 -5.458900e-05;
1.615000e-04 -6.703600e-05;
1.615000e-04 -6.703600e-05;
6.000500e-05 1.354600e-04;
6.000500e-05 1.354600e-04;
1.525400e-04 -6.299600e-05;
1.525400e-04 -6.299600e-05;
3.992600e-05 1.497800e-04;
3.992600e-05 1.497800e-04;
1.472100e-04 -6.296200e-05;
1.472100e-04 -6.296200e-05;
-1.506800e-04 3.196000e-04;
3.077700e-04 2.695500e-04;
3.077700e-04 2.695500e-04;
1.343600e-04 -5.207400e-05;
1.343600e-04 -5.207400e-05;
-1.506800e-04 3.196000e-04;
-1.506800e-04 3.196000e-04;
-1.179200e-04 3.371900e-04;
3.402400e-04 1.232800e-04;
3.402400e-04 1.232800e-04;
1.311600e-04 -7.626400e-05;
1.311600e-04 -7.626400e-05;
-1.290100e-04 3.280700e-04;
-1.290100e-04 3.280700e-04;
-1.179200e-04 3.371900e-04;
-1.179200e-04 3.371900e-04;
3.344200e-04 1.452100e-04;
3.344200e-04 1.452100e-04;
4.023200e-04 2.756400e-05;
4.023200e-04 2.756400e-05;
-1.427900e-04 3.492000e-04;
-1.427900e-04 3.492000e-04;
-1.435600e-04 3.547000e-04;
-1.435600e-04 3.547000e-04;
-1.420300e-04 3.315600e-04;
-1.420300e-04 3.315600e-04;
3.607000e-04 1.512100e-04;
3.607000e-04 1.512100e-04;
3.186500e-04 1.533300e-04;
3.186500e-04 1.533300e-04;
-1.465300e-04 3.598300e-04;
-1.465300e-04 3.598300e-04;
-1.452900e-04 3.540100e-04;
-1.452900e-04 3.540100e-04;
3.654400e-04 1.544800e-04;
3.654400e-04 1.544800e-04;
3.317300e-04 1.332200e-04;
3.317300e-04 1.332200e-04;
-1.460000e-04 3.585000e-04;
-1.460000e-04 3.585000e-04;
-1.511000e-04 3.642900e-04;
-1.511000e-04 3.642900e-04;
3.703300e-04 1.561600e-04;
3.703300e-04 1.561600e-04;
3.532600e-04 1.473700e-04;
3.532600e-04 1.473700e-04;
-1.413600e-04 3.476300e-04;
-1.413600e-04 3.476300e-04;
-1.338200e-04 3.292400e-04;
-1.338200e-04 3.292400e-04;
-1.536600e-04 3.720900e-04;
-1.536600e-04 3.720900e-04;
3.636400e-04 1.533300e-04;
3.636400e-04 1.533300e-04;
3.612600e-04 1.492500e-04;
3.612600e-04 1.492500e-04;
-1.257000e-04 3.080700e-04;
-1.257000e-04 3.080700e-04;
-1.509000e-04 3.648100e-04;
-1.509000e-04 3.648100e-04;
3.520300e-04 1.484200e-04;
3.520300e-04 1.484200e-04;
3.332500e-04 1.405800e-04;
3.332500e-04 1.405800e-04;
3.679100e-04 1.529000e-04;
3.679100e-04 1.529000e-04;
-1.174700e-04 2.880700e-04;
-1.174700e-04 2.880700e-04;
-1.457600e-04 3.525700e-04;
-1.457600e-04 3.525700e-04;
-1.090400e-04 2.676500e-04;
-1.090400e-04 2.676500e-04;
3.131900e-04 1.316600e-04;
3.131900e-04 1.316600e-04;
3.619700e-04 1.501700e-04;
3.619700e-04 1.501700e-04;
-1.393600e-04 3.383200e-04;
-1.393600e-04 3.383200e-04;
-1.073600e-04 2.577400e-04;
-1.073600e-04 2.577400e-04;
2.913600e-04 1.229000e-04;
2.913600e-04 1.229000e-04;
2.707500e-04 1.136800e-04;
2.707500e-04 1.136800e-04;
3.495500e-04 1.452000e-04;
3.495500e-04 1.452000e-04;
-1.342500e-04 3.241900e-04;
-1.342500e-04 3.241900e-04;
-1.099300e-04 2.646500e-04;
-1.099300e-04 2.646500e-04;
2.637300e-04 1.088100e-04;
2.637300e-04 1.088100e-04;
3.360700e-04 1.398600e-04;
3.360700e-04 1.398600e-04;
-1.275400e-04 3.086200e-04;
-1.275400e-04 3.086200e-04;
2.694200e-04 1.113100e-04;
2.694200e-04 1.113100e-04;
3.199000e-04 1.322600e-04;
3.199000e-04 1.322600e-04;
-1.268000e-04 2.947200e-04;
-1.268000e-04 2.947200e-04;
3.032400e-04 1.258200e-04;
3.032400e-04 1.258200e-04;
-1.049300e-04 2.699800e-04;
-1.049300e-04 2.699800e-04;
2.925900e-04 1.167700e-04;
2.925900e-04 1.167700e-04;
-1.535000e-04 2.620300e-04;
-1.535000e-04 2.620300e-04;
2.583100e-04 1.138000e-04;
2.583100e-04 1.138000e-04;
6.149300e-05 8.249500e-04;
6.149300e-05 8.249500e-04;
2.786000e-04 7.150500e-05;
2.786000e-04 7.150500e-05;
3.194600e-04 6.740200e-04;
3.194600e-04 6.740200e-04;
5.207800e-04 5.969400e-04;
5.207800e-04 5.969400e-04;
2.780000e-04 6.944600e-04;
2.780000e-04 6.944600e-04;
2.314600e-04 6.584000e-04;
2.314600e-04 6.584000e-04;
1.855400e-03 -1.465200e-04;
1.855400e-03 -1.465200e-04;
2.973800e-03 -2.268500e-17;
1.250000e-03 0;
2.978300e-04 7.180500e-04;
2.978300e-04 7.180500e-04;
2.770200e-04 6.469300e-04;
2.770200e-04 6.469300e-04;
1.744200e-03 3.949500e-05;
1.744200e-03 3.949500e-05;
2.903600e-04 7.067100e-04;
2.903600e-04 7.067100e-04;
2.902200e-04 7.057200e-04;
2.902200e-04 7.057200e-04;
1.690700e-03 -9.492500e-06;
1.690700e-03 -9.492500e-06;
1.887900e-03 1.484500e-04;
2.987400e-03 -4.430400e-17;
1.887900e-03 1.484500e-04;
1.250000e-03 0;
2.879700e-04 6.987600e-04;
2.879700e-04 6.987600e-04;
2.764900e-04 6.713500e-04;
2.764900e-04 6.713500e-04;
3.026200e-04 7.287700e-04;
3.026200e-04 7.287700e-04;
1.588900e-03 2.672000e-06;
1.588900e-03 2.672000e-06;
1.491200e-03 -5.643300e-08;
1.491200e-03 -5.643300e-08;
1.730400e-03 -4.055400e-05;
1.730400e-03 -4.055400e-05;
2.651700e-04 6.422800e-04;
2.651700e-04 6.422800e-04;
3.056700e-04 7.404200e-04;
3.056700e-04 7.404200e-04;
1.391400e-03 1.690400e-06;
1.391400e-03 1.690400e-06;
1.701900e-03 7.310700e-06;
1.701900e-03 7.310700e-06;
2.553000e-04 6.159800e-04;
2.553000e-04 6.159800e-04;
3.010400e-04 7.255900e-04;
3.010400e-04 7.255900e-04;
1.308400e-03 8.633000e-07;
1.308400e-03 8.633000e-07;
1.590500e-03 7.197900e-07;
1.590500e-03 7.197900e-07;
2.393300e-04 5.805800e-04;
2.393300e-04 5.805800e-04;
2.190200e-04 5.355200e-04;
2.190200e-04 5.355200e-04;
2.880900e-04 6.951000e-04;
2.880900e-04 6.951000e-04;
1.216300e-03 -1.727100e-06;
1.216300e-03 -1.727100e-06;
1.474600e-03 -8.891400e-07;
1.474600e-03 -8.891400e-07;
1.963000e-04 4.798200e-04;
1.963000e-04 4.798200e-04;
1.747200e-04 4.414300e-04;
1.747200e-04 4.414300e-04;
2.763700e-04 6.703100e-04;
2.763700e-04 6.703100e-04;
1.125400e-03 1.927400e-06;
1.125400e-03 1.927400e-06;
1.075300e-03 3.195800e-07;
1.075300e-03 3.195800e-07;
1.394500e-03 -3.259200e-06;
1.394500e-03 -3.259200e-06;
9.839600e-04 -2.804400e-06;
9.839600e-04 -2.804400e-06;
1.303700e-04 3.390300e-04;
1.303700e-04 3.390300e-04;
2.669700e-04 6.439000e-04;
2.669700e-04 6.439000e-04;
1.283800e-03 3.781900e-07;
1.283800e-03 3.781900e-07;
2.536200e-04 6.192900e-04;
2.536200e-04 6.192900e-04;
1.182900e-03 4.941000e-07;
1.182900e-03 4.941000e-07;
2.595000e-04 6.432500e-04;
2.595000e-04 6.432500e-04;
1.096900e-03 -8.158800e-07;
1.096900e-03 -8.158800e-07;
2.640900e-04 6.544900e-04;
2.640900e-04 6.544900e-04;
1.037800e-03 -3.612600e-08;
1.037800e-03 -3.612600e-08;
2.931400e-04 6.855500e-04;
2.931400e-04 6.855500e-04;
9.524800e-04 2.559500e-06;
9.524800e-04 2.559500e-06;
2.019400e-04 -7.584200e-07;
2.019400e-04 -7.584200e-07;
2.910500e-04 -6.828200e-04;
2.910500e-04 -6.828200e-04;
2.626300e-04 -6.470400e-04;
2.626300e-04 -6.470400e-04;
1.351100e-04 -3.509000e-04;
1.351100e-04 -3.509000e-04;
2.600500e-04 -6.461000e-04;
2.600500e-04 -6.461000e-04;
1.817900e-04 -4.575700e-04;
1.817900e-04 -4.575700e-04;
2.569100e-04 -6.282900e-04;
2.569100e-04 -6.282900e-04;
2.044600e-04 -5.023900e-04;
2.044600e-04 -5.023900e-04;
2.724200e-04 -6.571500e-04;
2.724200e-04 -6.571500e-04;
2.324900e-04 -5.675100e-04;
2.324900e-04 -5.675100e-04;
2.846600e-04 -6.883600e-04;
2.846600e-04 -6.883600e-04;
2.548600e-04 -6.161100e-04;
2.548600e-04 -6.161100e-04;
2.945600e-04 -7.126600e-04;
2.945600e-04 -7.126600e-04;
2.720500e-04 -6.579100e-04;
2.720500e-04 -6.579100e-04;
3.005500e-04 -7.258800e-04;
3.005500e-04 -7.258800e-04;
2.853100e-04 -6.925400e-04;
2.853100e-04 -6.925400e-04;
2.976400e-04 -7.204000e-04;
2.976400e-04 -7.204000e-04;
2.966500e-04 -7.199100e-04;
2.966500e-04 -7.199100e-04;
2.867500e-04 -6.905700e-04;
2.867500e-04 -6.905700e-04;
2.759900e-04 -6.707700e-04;
2.759900e-04 -6.707700e-04;
2.989800e-04 -7.234200e-04;
2.989800e-04 -7.234200e-04;
2.666000e-04 -6.219900e-04;
2.666000e-04 -6.219900e-04;
2.895100e-04 -7.053100e-04;
2.895100e-04 -7.053100e-04;
2.252100e-04 -6.442300e-04;
2.252100e-04 -6.442300e-04;
2.843900e-04 -6.844300e-04;
2.843900e-04 -6.844300e-04;
2.535100e-04 -6.383700e-04;
2.535100e-04 -6.383700e-04;
2.953300e-04 -6.138000e-04;
2.953300e-04 -6.138000e-04;
2.953300e-04 -6.138000e-04;
