1.636400e-04 5.334700e-05;
1.625600e-04 5.344900e-05;
1.239500e-04 3.153900e-05;
1.210700e-04 4.832200e-05;
7.965100e-05 -1.569900e-04;
6.066900e-05 -1.013300e-04;
7.174100e-05 -1.416700e-04;
7.258600e-05 -1.444300e-04;
4.726600e-05 -1.115700e-04;
1.666900e-05 -3.278300e-05;
9.679700e-05 -1.062800e-05;
1.666900e-05 -3.278300e-05;
3.527300e-05 1.148000e-05;
3.527300e-05 1.148000e-05;
2.689700e-05 6.363100e-05;
2.689700e-05 6.363100e-05;
1.407600e-04 1.291500e-04;
6.503500e-05 -2.638100e-05;
6.503500e-05 -2.638100e-05;
-5.234700e-05 1.290000e-04;
-5.234700e-05 1.290000e-04;
1.617800e-05 3.843400e-04;
1.310100e-04 5.536900e-05;
1.310100e-04 5.536900e-05;
2.489600e-03 2.242000e-17;
1.786100e-03 -1.579400e-17;
2.388000e-03 3.786500e-05;
2.370800e-03 -4.553500e-05;
4.999100e-04 7.173600e-06;
4.999100e-04 7.173600e-06;
1.504300e-03 6.312600e-04;
9.842500e-05 2.122700e-04;
9.842500e-05 2.122700e-04;
4.812400e-04 -6.350000e-06;
9.741200e-05 -2.105400e-04;
4.812400e-04 -6.350000e-06;
9.741200e-05 -2.105400e-04;
9.741200e-05 -2.105400e-04;
1.116800e-04 3.774600e-05;
1.620300e-04 5.340900e-05;
1.124500e-04 3.718600e-05;
1.111500e-04 3.528800e-05;
1.614700e-04 5.289200e-05;
1.083000e-04 3.452100e-05;
1.142800e-04 3.765600e-05;
4.631100e-05 -9.534700e-05;
1.524500e-04 5.047100e-05;
1.537200e-04 5.011400e-05;
1.025400e-04 3.349200e-05;
1.078500e-04 3.575100e-05;
7.004700e-05 -1.393900e-04;
4.927600e-05 -9.545900e-05;
4.692700e-05 -9.242900e-05;
7.964000e-05 -1.567300e-04;
5.043400e-05 -9.642900e-05;
1.622800e-04 5.381500e-05;
1.538000e-04 5.001000e-05;
9.625700e-05 3.118500e-05;
1.021800e-04 3.413200e-05;
7.306000e-05 -1.447200e-04;
4.564000e-05 -8.947700e-05;
7.556100e-05 -1.494700e-04;
5.043200e-05 -1.007800e-04;
1.602600e-04 5.223300e-05;
1.525200e-04 4.997700e-05;
9.020500e-05 2.910900e-05;
1.404800e-04 4.579700e-05;
8.506000e-05 2.772800e-05;
9.724800e-05 3.217000e-05;
7.193400e-05 -1.415100e-04;
4.330900e-05 -8.489300e-05;
7.503500e-05 -1.490100e-04;
4.892500e-05 -9.815700e-05;
1.624100e-04 5.298800e-05;
1.345300e-04 4.363500e-05;
7.949500e-05 2.573800e-05;
1.644100e-04 5.434300e-05;
9.359000e-05 3.099200e-05;
7.128300e-05 -1.401300e-04;
4.124400e-05 -8.056600e-05;
6.685400e-05 -1.312800e-04;
3.853400e-05 -7.573400e-05;
7.596500e-05 -1.503700e-04;
4.765400e-05 -9.460300e-05;
1.475500e-04 4.850700e-05;
1.362900e-04 4.472500e-05;
7.474200e-05 2.436400e-05;
1.675600e-04 5.551000e-05;
1.351200e-04 4.517600e-05;
7.170700e-05 2.364900e-05;
8.923900e-05 2.985800e-05;
6.545700e-05 -1.295600e-04;
3.635100e-05 -7.102600e-05;
7.730000e-05 -1.546700e-04;
7.803000e-05 -1.537100e-04;
4.586400e-05 -9.075600e-05;
1.421600e-04 4.736100e-05;
1.670500e-04 5.593300e-05;
1.648300e-04 5.649700e-05;
1.230400e-04 4.274600e-05;
7.100100e-05 2.436400e-05;
8.366900e-05 2.800600e-05;
6.308500e-05 -1.240000e-04;
3.395000e-05 -6.660000e-05;
5.844300e-05 -1.166300e-04;
3.249700e-05 -6.474800e-05;
7.940700e-05 -1.570800e-04;
6.980000e-05 -1.389800e-04;
4.324100e-05 -8.679600e-05;
1.458700e-04 4.980200e-05;
1.634000e-04 5.818700e-05;
1.609600e-04 5.758300e-05;
1.242800e-04 4.320600e-05;
7.232100e-05 2.331400e-05;
7.994900e-05 2.751400e-05;
5.388800e-05 -1.105200e-04;
3.233800e-05 -6.547300e-05;
7.151500e-05 -1.480500e-04;
7.916500e-05 -1.591700e-04;
6.739500e-05 -1.344700e-04;
4.069000e-05 -8.167300e-05;
1.319200e-04 4.665100e-05;
3.446500e-05 -6.712200e-05;
1.642300e-04 5.637700e-05;
1.588500e-04 4.920700e-05;
1.139000e-04 3.096600e-05;
7.377100e-05 2.554100e-05;
5.438300e-05 -1.118100e-04;
5.396800e-05 -9.937000e-05;
7.147400e-05 -1.497400e-04;
7.626000e-05 -1.578500e-04;
6.463300e-05 -1.321500e-04;
3.874200e-05 -7.759800e-05;
1.316100e-04 4.307900e-05;
9.679700e-05 -1.062800e-05;
7.982800e-05 -7.179800e-05;
1.763100e-04 3.345300e-05;
1.603000e-04 1.211200e-05;
1.245700e-04 2.972900e-04;
8.771100e-05 2.601100e-05;
7.768800e-05 -1.472300e-04;
8.651700e-05 -1.244800e-04;
7.675700e-05 -1.547300e-04;
5.934700e-05 -1.237400e-04;
3.686300e-05 -7.542600e-05;
1.668300e-04 1.843200e-05;
1.516500e-04 -5.185000e-05;
1.230900e-04 -1.102300e-04;
2.177700e-04 -3.789500e-05;
1.198200e-04 2.584500e-04;
6.748100e-05 1.647900e-04;
9.898600e-05 2.704000e-04;
1.303100e-04 3.125300e-04;
1.726500e-04 -2.268800e-05;
1.038600e-04 -1.497300e-04;
6.863200e-05 -1.255400e-04;
3.442600e-05 -7.077900e-05;
2.477700e-04 -5.594800e-05;
1.858800e-04 -1.254400e-04;
2.613300e-04 -1.074600e-04;
7.030000e-05 1.654100e-04;
1.134000e-04 2.696600e-04;
6.959800e-05 1.643500e-04;
1.125400e-04 2.696500e-04;
1.315700e-04 3.110400e-04;
2.602200e-04 -9.148300e-05;
1.563300e-04 -6.554700e-05;
1.441400e-04 -1.363300e-04;
4.312200e-05 -8.004400e-05;
3.000200e-04 -1.242700e-04;
2.236800e-04 -1.346900e-04;
7.034400e-05 1.680600e-04;
1.156300e-04 2.760200e-04;
7.203100e-05 1.718900e-04;
1.271800e-04 3.077100e-04;
2.695500e-04 -1.105000e-04;
1.580800e-04 -6.391100e-05;
3.133700e-04 -1.282000e-04;
1.386900e-04 -1.061200e-04;
2.550500e-04 -1.126700e-04;
7.189600e-05 1.749900e-04;
1.255800e-04 2.975000e-04;
7.434700e-05 1.747900e-04;
1.188700e-04 2.831200e-04;
1.168000e-04 2.764000e-04;
7.355000e-05 1.756800e-04;
2.783000e-04 -1.129700e-04;
1.670800e-04 -6.823600e-05;
3.149700e-04 -1.294000e-04;
2.646000e-04 -1.088000e-04;
1.592500e-04 -6.332800e-05;
7.592200e-05 1.807500e-04;
1.294600e-04 3.079100e-04;
1.228000e-04 2.960600e-04;
7.387600e-05 1.757100e-04;
2.877600e-04 -1.187300e-04;
1.727300e-04 -7.005800e-05;
3.126600e-04 -1.266300e-04;
2.661800e-04 -1.094200e-04;
1.608100e-04 -6.669400e-05;
7.673700e-05 1.848200e-04;
1.258600e-04 3.043300e-04;
1.236600e-04 2.943500e-04;
7.180700e-05 1.707600e-04;
2.873600e-04 -1.178200e-04;
1.760700e-04 -7.195300e-05;
2.942800e-04 -1.204600e-04;
1.720100e-04 -7.062000e-05;
7.524000e-05 1.813700e-04;
1.283900e-04 3.071500e-04;
1.228000e-04 2.931100e-04;
6.912800e-05 1.635900e-04;
1.173300e-04 2.785700e-04;
6.514800e-05 1.547200e-04;
2.923800e-04 -1.191500e-04;
1.753600e-04 -7.156500e-05;
2.914000e-04 -1.212500e-04;
1.778100e-04 -7.387600e-05;
7.276800e-05 1.750200e-04;
1.313400e-04 3.119300e-04;
1.318400e-04 3.161000e-04;
1.063800e-04 2.548100e-04;
6.086900e-05 1.451800e-04;
2.875300e-04 -1.184500e-04;
1.709700e-04 -6.958700e-05;
3.025700e-04 -1.239600e-04;
1.817200e-04 -7.462300e-05;
7.035100e-05 1.690100e-04;
1.207800e-04 2.893100e-04;
1.327000e-04 3.211100e-04;
1.087900e-04 2.606200e-04;
5.708700e-05 1.360900e-04;
1.009900e-04 2.480600e-04;
5.399000e-05 1.320700e-04;
2.846500e-04 -1.161700e-04;
1.641000e-04 -6.696300e-05;
2.779600e-04 -1.127200e-04;
1.560800e-04 -6.340700e-05;
2.900500e-04 -1.179200e-04;
1.793600e-04 -7.446200e-05;
6.724900e-05 1.624000e-04;
1.151500e-04 2.778600e-04;
9.539100e-05 2.398600e-04;
5.373600e-05 1.320700e-04;
1.322700e-04 3.237800e-04;
1.194500e-04 3.043200e-04;
2.508400e-04 -1.030900e-04;
1.454600e-04 -5.932800e-05;
3.160500e-04 -1.307600e-04;
2.966000e-04 -1.225000e-04;
1.760700e-04 -7.215600e-05;
6.435800e-05 1.559000e-04;
1.109500e-04 2.757900e-04;
9.494000e-05 2.307600e-04;
5.623800e-05 1.300600e-04;
1.197000e-04 3.026900e-04;
1.265600e-04 3.208600e-04;
9.190800e-05 1.909600e-04;
2.404400e-04 -1.009600e-04;
1.370000e-04 -5.616300e-05;
1.326300e-04 -5.557100e-05;
2.548100e-04 -1.039800e-04;
3.202100e-04 -1.322400e-04;
2.720000e-04 -1.126900e-04;
1.696300e-04 -7.018300e-05;
6.041100e-05 1.508300e-04;
1.023800e-04 2.596800e-04;
1.336900e-04 -5.269500e-05;
1.336000e-04 2.915200e-04;
1.306600e-04 3.197800e-04;
1.407600e-04 1.291500e-04;
1.544200e-04 2.394200e-04;
2.246100e-04 -9.677800e-05;
1.328700e-04 -5.595700e-05;
2.979400e-04 -1.294200e-04;
3.231100e-04 -1.357200e-04;
2.677100e-04 -1.108800e-04;
1.617600e-04 -6.707000e-05;
5.801200e-05 1.417900e-04;
1.224900e-04 2.646100e-04;
2.263900e-04 -9.490200e-05;
2.040400e-04 -7.386600e-05;
1.972000e-04 -4.460100e-06;
2.630300e-04 1.011700e-04;
1.883400e-04 3.039200e-04;
2.528400e-04 2.126000e-04;
2.992500e-04 -1.305300e-04;
3.155700e-04 -1.361300e-04;
2.616400e-04 -1.117000e-04;
1.544900e-04 -6.404400e-05;
7.543200e-05 1.676000e-04;
2.021900e-04 2.718400e-04;
3.026300e-04 -1.128700e-04;
2.887400e-04 -6.221000e-05;
3.349100e-04 1.564200e-05;
3.685900e-04 1.448900e-04;
3.347100e-04 2.662700e-04;
3.128300e-04 -1.318300e-04;
2.479900e-04 -1.078300e-04;
1.487000e-04 -6.337900e-05;
-2.385300e-04 5.887300e-04;
2.842100e-04 2.251200e-04;
4.204900e-04 2.779800e-04;
3.490200e-04 -8.058600e-05;
4.221100e-04 3.665900e-05;
4.877800e-04 1.978900e-04;
2.702000e-04 -9.966900e-05;
1.378000e-04 -5.859200e-05;
-1.913900e-04 5.266700e-04;
-1.383600e-04 3.285900e-04;
-2.564900e-04 6.248400e-04;
-2.456000e-04 5.247200e-04;
5.224700e-04 2.516700e-04;
3.364500e-04 1.398000e-04;
5.886900e-04 2.399500e-04;
3.556100e-04 -2.794300e-05;
4.940500e-04 1.049100e-04;
1.689900e-04 -6.315500e-05;
-2.213700e-04 5.415200e-04;
-1.334800e-04 3.300000e-04;
-2.533200e-04 6.228900e-04;
-2.291100e-04 5.607000e-04;
-1.338600e-04 3.343700e-04;
5.520700e-04 2.328700e-04;
3.375300e-04 1.421200e-04;
6.222200e-04 2.611000e-04;
5.152700e-04 1.940400e-04;
3.555000e-04 4.067300e-05;
-2.303200e-04 5.621100e-04;
-1.420800e-04 3.452500e-04;
-2.481400e-04 5.958800e-04;
-1.393800e-04 3.359000e-04;
5.797700e-04 2.402900e-04;
3.542000e-04 1.494600e-04;
6.213800e-04 2.617300e-04;
5.349600e-04 2.235600e-04;
3.279500e-04 1.413900e-04;
-2.481300e-04 6.129400e-04;
-1.411100e-04 3.527600e-04;
-2.244800e-04 5.507500e-04;
-1.457400e-04 3.550500e-04;
-2.349900e-04 5.713900e-04;
-1.446900e-04 3.486700e-04;
5.752300e-04 2.409200e-04;
3.612000e-04 1.521400e-04;
5.878000e-04 2.447700e-04;
3.336800e-04 1.385600e-04;
-2.422100e-04 5.862100e-04;
-1.452000e-04 3.547600e-04;
-2.557100e-04 6.285400e-04;
-1.472700e-04 3.611600e-04;
5.760300e-04 2.409200e-04;
3.654100e-04 1.541800e-04;
5.850800e-04 2.430300e-04;
3.492900e-04 1.447600e-04;
-2.433300e-04 5.951900e-04;
-1.408000e-04 3.460000e-04;
-2.498100e-04 6.055600e-04;
-1.519900e-04 3.662000e-04;
5.736900e-04 2.420100e-04;
3.596500e-04 1.502100e-04;
5.821000e-04 2.438200e-04;
3.577900e-04 1.476700e-04;
-2.386200e-04 5.832300e-04;
-1.338300e-04 3.303000e-04;
-2.219600e-04 5.448200e-04;
-1.273400e-04 3.117300e-04;
-2.507100e-04 6.103700e-04;
-1.488300e-04 3.610000e-04;
6.011500e-04 2.524800e-04;
3.491000e-04 1.477300e-04;
5.844900e-04 2.422000e-04;
3.622500e-04 1.512400e-04;
-2.098800e-04 5.101400e-04;
-1.195700e-04 2.917800e-04;
-2.604700e-04 6.323000e-04;
-2.569400e-04 6.295800e-04;
-1.443200e-04 3.503700e-04;
5.762100e-04 2.402500e-04;
3.344500e-04 1.409100e-04;
5.606000e-04 2.382100e-04;
3.151100e-04 1.322700e-04;
5.819800e-04 2.459100e-04;
3.583300e-04 1.485300e-04;
-2.111800e-04 5.107400e-04;
-1.116900e-04 2.741400e-04;
-1.887300e-04 4.486100e-04;
-1.114600e-04 2.633100e-04;
-2.666700e-04 6.415700e-04;
-2.373000e-04 5.785000e-04;
-1.395900e-04 3.377400e-04;
5.348500e-04 2.232100e-04;
2.963600e-04 1.249100e-04;
6.313000e-04 2.604100e-04;
5.975900e-04 2.489200e-04;
3.468500e-04 1.452000e-04;
-2.021500e-04 4.683500e-04;
-1.113300e-04 2.642000e-04;
-2.596400e-04 5.890200e-04;
-2.727200e-04 6.481900e-04;
-2.232800e-04 5.398600e-04;
-1.348300e-04 3.249100e-04;
5.106100e-04 2.140700e-04;
2.767000e-04 1.158300e-04;
4.836400e-04 1.974000e-04;
2.696100e-04 1.100200e-04;
6.402700e-04 2.679600e-04;
5.524700e-04 2.285300e-04;
3.367100e-04 1.397400e-04;
-1.871300e-04 4.445500e-04;
-1.054000e-04 2.651900e-04;
-1.366600e-04 3.993100e-04;
-2.627900e-04 5.983600e-04;
-2.771100e-04 6.327000e-04;
-2.222300e-04 5.234600e-04;
-1.296300e-04 3.119800e-04;
2.667400e-04 1.156800e-04;
4.583700e-04 1.808800e-04;
2.702900e-04 1.095400e-04;
6.076100e-04 2.386300e-04;
6.498400e-04 2.639600e-04;
5.492000e-04 2.278600e-04;
3.204300e-04 1.327500e-04;
1.617800e-05 3.843400e-04;
-2.250900e-04 6.056200e-04;
-1.241000e-04 5.747600e-04;
-2.642900e-04 6.278600e-04;
-2.176000e-04 4.929200e-04;
-1.283800e-04 2.988800e-04;
4.704000e-04 1.924700e-04;
3.991000e-04 1.920100e-04;
2.850600e-04 2.770900e-04;
2.308700e-04 5.220400e-04;
6.185800e-04 2.404400e-04;
6.392000e-04 2.517100e-04;
5.369300e-04 2.145400e-04;
3.078800e-04 1.270500e-04;
5.436200e-05 6.631000e-04;
-1.646800e-04 6.944600e-04;
-2.013800e-04 5.401600e-04;
-1.182700e-04 2.796300e-04;
5.885400e-04 2.687200e-04;
4.993600e-04 3.210200e-04;
4.526800e-04 5.008900e-04;
3.160800e-04 7.299400e-04;
6.285400e-04 2.544600e-04;
5.239700e-04 2.039800e-04;
2.967300e-04 1.190100e-04;
9.389400e-05 8.512000e-04;
-9.292700e-05 6.731400e-04;
-1.299300e-04 3.454200e-04;
4.108900e-04 9.692500e-04;
6.080100e-04 3.761000e-04;
5.450000e-04 6.528400e-04;
5.180600e-04 2.380200e-04;
2.748300e-04 1.108200e-04;
2.025700e-04 9.872400e-04;
9.027700e-05 7.274400e-04;
4.953700e-04 1.172000e-03;
5.500600e-04 8.445100e-04;
5.343800e-04 4.428800e-04;
3.207500e-04 1.444800e-04;
3.994000e-04 1.109700e-03;
2.884700e-04 6.874400e-04;
5.130200e-04 1.246300e-03;
4.537900e-04 1.002100e-03;
4.409900e-04 5.541800e-04;
4.636100e-04 1.106400e-03;
2.856500e-04 6.937800e-04;
5.165600e-04 1.235000e-03;
4.374100e-04 1.055200e-03;
2.617600e-04 6.545700e-04;
1.760100e-03 -9.382700e-05;
4.731900e-04 1.148100e-03;
2.927400e-04 7.102300e-04;
4.681900e-04 1.130900e-03;
2.739600e-04 6.573900e-04;
1.781900e-03 9.538700e-05;
2.749000e-03 6.225300e-06;
1.719200e-03 1.288700e-05;
4.738700e-04 1.150200e-03;
2.891800e-04 7.019000e-04;
4.894300e-04 1.183500e-03;
2.856900e-04 6.955000e-04;
1.706200e-03 -1.411800e-05;
2.589200e-03 -4.247100e-06;
1.639500e-03 -6.368800e-06;
2.522800e-03 -2.040900e-05;
4.807500e-04 1.172300e-03;
2.856100e-04 6.928800e-04;
4.757300e-04 1.159500e-03;
2.996400e-04 7.189500e-04;
2.440000e-03 6.920900e-07;
1.563200e-03 7.543600e-06;
1.651300e-03 -4.713600e-06;
2.653500e-03 6.670200e-06;
4.789800e-04 1.170800e-03;
2.737800e-04 6.681400e-04;
4.548300e-04 1.093900e-03;
2.676400e-04 6.433200e-04;
4.775500e-04 1.158100e-03;
3.008700e-04 7.296600e-04;
2.611400e-03 8.788100e-06;
1.482200e-03 -4.870000e-06;
2.356400e-03 1.029800e-06;
1.397400e-03 5.423000e-07;
1.565700e-03 1.007900e-05;
2.433100e-03 7.061100e-06;
4.872000e-04 1.162600e-03;
2.573400e-04 6.214300e-04;
4.976100e-04 1.196300e-03;
2.963900e-04 7.174100e-04;
2.157900e-03 4.225800e-06;
1.314800e-03 2.706000e-06;
2.684900e-03 3.832100e-06;
2.622700e-03 -1.454600e-05;
1.465500e-03 -8.899700e-06;
4.421300e-04 1.076300e-03;
2.416900e-04 5.870400e-04;
5.118300e-04 1.242800e-03;
4.652600e-04 1.119300e-03;
2.875400e-04 6.906000e-04;
2.199700e-03 -3.086000e-07;
1.234400e-03 -2.456300e-06;
2.701400e-03 6.156800e-06;
2.230600e-03 -8.505800e-06;
1.400300e-03 3.647300e-06;
4.291800e-04 1.048900e-03;
2.227500e-04 5.467500e-04;
3.998100e-04 9.989300e-04;
2.034900e-04 5.008300e-04;
5.146100e-04 1.258500e-03;
4.348900e-04 1.056200e-03;
2.761600e-04 6.694800e-04;
2.109300e-03 -6.596300e-06;
1.155000e-03 2.087100e-06;
2.731900e-03 -5.090300e-06;
2.181000e-03 8.121400e-06;
1.297200e-03 4.943700e-07;
3.646600e-04 9.292000e-04;
1.817900e-04 4.648300e-04;
3.173900e-04 8.319200e-04;
1.561000e-04 4.083700e-04;
4.852000e-04 1.237600e-03;
5.049100e-04 1.257300e-03;
4.334900e-04 1.060200e-03;
2.668700e-04 6.446400e-04;
1.969600e-03 7.481800e-06;
1.098000e-03 7.571600e-08;
2.547100e-03 4.046000e-06;
1.895300e-03 -4.580900e-06;
1.025800e-03 -4.699700e-06;
2.644600e-03 1.181800e-06;
2.072000e-03 -1.081900e-06;
1.200600e-03 1.259400e-06;
1.763200e-03 5.343900e-06;
1.035300e-03 2.165500e-05;
2.274700e-04 4.450900e-04;
1.669100e-03 1.121900e-04;
3.399400e-04 8.081900e-04;
4.529700e-04 1.188300e-03;
4.412400e-04 1.102900e-03;
4.863600e-04 1.262300e-03;
4.473600e-04 1.128200e-03;
2.542800e-04 6.269900e-04;
2.674000e-03 3.638800e-06;
2.557400e-03 6.427200e-06;
2.505900e-03 4.291100e-07;
1.908000e-03 1.546600e-06;
1.129600e-03 -4.379900e-07;
2.422600e-03 3.585100e-05;
6.083600e-04 8.315000e-04;
1.504300e-03 6.312600e-04;
2.294100e-03 2.263400e-04;
6.090000e-04 1.111100e-03;
5.252700e-04 1.278000e-03;
4.185700e-04 1.079400e-03;
2.539500e-04 6.333200e-04;
2.671900e-03 4.680000e-06;
2.598900e-03 -8.113200e-06;
1.821300e-03 -2.510600e-06;
1.062200e-03 5.324000e-07;
2.628000e-03 -6.533300e-06;
1.126800e-03 9.819900e-04;
1.837400e-03 5.147900e-04;
2.310500e-03 6.664500e-06;
7.548500e-04 1.124100e-03;
4.915500e-04 1.036700e-03;
2.574900e-04 6.423500e-04;
2.403800e-03 -2.963400e-05;
1.783300e-03 4.231000e-06;
9.949000e-04 4.538000e-06;
2.317600e-03 -2.177200e-04;
1.183300e-03 6.747300e-04;
1.642300e-03 1.130000e-05;
1.887500e-03 -4.754600e-04;
6.673200e-04 6.048300e-04;
2.816600e-04 5.536500e-04;
1.749400e-03 -1.017800e-04;
9.976300e-04 -2.101200e-05;
1.647000e-03 -5.813200e-04;
8.224700e-04 -5.747400e-05;
1.214700e-03 -7.012200e-04;
1.205400e-03 -9.371500e-04;
3.075200e-04 4.027800e-06;
6.027800e-04 -7.802700e-04;
6.292900e-04 -1.038700e-03;
5.778600e-04 -7.839400e-04;
7.299600e-04 -1.170500e-03;
2.802600e-04 -5.538000e-04;
4.761400e-04 -1.124500e-03;
3.204900e-04 -7.284800e-04;
2.206000e-04 -4.436900e-04;
4.818500e-04 -1.045500e-03;
5.078600e-04 -1.276000e-03;
2.576800e-04 -6.355100e-04;
4.454300e-04 -1.168900e-03;
3.136900e-04 -8.013300e-04;
1.608400e-04 -4.190900e-04;
4.077200e-04 -1.055500e-03;
4.853100e-04 -1.259400e-03;
2.537100e-04 -6.351700e-04;
4.878700e-04 -1.245800e-03;
3.431400e-04 -8.857300e-04;
1.897100e-04 -4.814800e-04;
4.405700e-04 -1.112800e-03;
2.581700e-04 -6.352200e-04;
5.110700e-04 -1.259800e-03;
3.933200e-04 -9.817500e-04;
2.115100e-04 -5.236000e-04;
4.534800e-04 -1.108600e-03;
2.711900e-04 -6.556900e-04;
5.175800e-04 -1.261600e-03;
4.174000e-04 -1.017400e-03;
2.353400e-04 -5.741300e-04;
4.533600e-04 -1.093800e-03;
2.853000e-04 -6.864900e-04;
5.198800e-04 -1.245200e-03;
4.399500e-04 -1.058200e-03;
2.566100e-04 -6.202300e-04;
4.878000e-04 -1.180700e-03;
2.909600e-04 -7.070000e-04;
4.738600e-04 -1.148900e-03;
2.713900e-04 -6.580100e-04;
4.812000e-04 -1.166700e-03;
2.976800e-04 -7.161500e-04;
4.856700e-04 -1.184100e-03;
2.822200e-04 -6.871700e-04;
4.949300e-04 -1.200300e-03;
2.925100e-04 -7.100600e-04;
4.759800e-04 -1.153300e-03;
2.939200e-04 -7.105700e-04;
4.866300e-04 -1.180400e-03;
2.848000e-04 -6.888000e-04;
4.734500e-04 -1.142800e-03;
2.965700e-04 -7.161800e-04;
4.673800e-04 -1.137800e-03;
2.629500e-04 -6.321900e-04;
2.754800e-04 -6.645100e-04;
4.797300e-04 -1.153200e-03;
4.885000e-04 -1.189100e-03;
2.852600e-04 -6.991900e-04;
4.514600e-04 -1.088900e-03;
2.577300e-04 -6.414400e-04;
5.152100e-04 -1.236300e-03;
4.862200e-04 -1.180800e-03;
2.812700e-04 -6.791300e-04;
4.844900e-04 -1.022200e-03;
5.174100e-04 -1.244400e-03;
4.533300e-04 -1.095100e-03;
2.640200e-04 -6.437800e-04;
4.812600e-04 -1.181200e-03;
3.872800e-04 -1.047900e-03;
2.725000e-04 -6.334300e-04;
7.008800e-05 1.603900e-05;
5.528700e-05 1.946700e-05;
7.008800e-05 1.603900e-05;
5.528700e-05 1.946700e-05;
6.071300e-05 1.961400e-05;
6.071300e-05 1.961400e-05;
5.571100e-05 1.707500e-05;
5.571100e-05 1.707500e-05;
6.775500e-05 2.902000e-05;
5.566400e-05 1.794100e-05;
5.566400e-05 1.794100e-05;
6.085600e-05 2.023900e-05;
6.085600e-05 2.023900e-05;
2.241700e-05 -4.619900e-05;
2.241700e-05 -4.619900e-05;
3.403100e-05 -5.548000e-05;
3.403100e-05 -5.548000e-05;
2.584300e-05 -5.048000e-05;
2.584300e-05 -5.048000e-05;
5.286500e-05 1.712500e-05;
5.286500e-05 1.712500e-05;
5.566300e-05 1.870600e-05;
5.566300e-05 1.870600e-05;
2.394400e-05 -4.670300e-05;
2.394400e-05 -4.670300e-05;
4.885300e-05 1.575700e-05;
4.885300e-05 1.575700e-05;
4.534800e-05 1.466600e-05;
4.534800e-05 1.466600e-05;
2.479700e-05 -4.722300e-05;
2.536200e-05 -6.204300e-05;
2.479700e-05 -4.722300e-05;
2.536200e-05 -6.204300e-05;
5.286500e-05 1.759800e-05;
5.286500e-05 1.759800e-05;
2.326500e-05 -4.565000e-05;
2.326500e-05 -4.565000e-05;
4.228000e-05 1.370700e-05;
4.228000e-05 1.370700e-05;
2.673800e-05 -5.346100e-05;
2.673800e-05 -5.346100e-05;
4.921700e-05 1.641700e-05;
4.921700e-05 1.641700e-05;
2.182200e-05 -4.256800e-05;
2.182200e-05 -4.256800e-05;
2.053200e-05 -4.016900e-05;
2.053200e-05 -4.016900e-05;
3.932500e-05 1.268800e-05;
3.932500e-05 1.268800e-05;
2.504800e-05 -5.025700e-05;
2.504800e-05 -5.025700e-05;
4.728100e-05 1.559400e-05;
4.728100e-05 1.559400e-05;
1.916400e-05 -3.748100e-05;
1.916400e-05 -3.748100e-05;
3.670600e-05 1.187400e-05;
3.670600e-05 1.187400e-05;
2.446500e-05 -4.877600e-05;
2.446500e-05 -4.877600e-05;
4.476300e-05 1.499300e-05;
4.476300e-05 1.499300e-05;
1.787100e-05 -3.490900e-05;
1.787100e-05 -3.490900e-05;
1.658900e-05 -3.245100e-05;
1.658900e-05 -3.245100e-05;
3.496600e-05 1.144500e-05;
3.496600e-05 1.144500e-05;
2.304600e-05 -4.605600e-05;
2.304600e-05 -4.605600e-05;
4.145800e-05 1.383800e-05;
4.145800e-05 1.383800e-05;
1.590400e-05 -3.142000e-05;
1.590400e-05 -3.142000e-05;
3.497600e-05 1.161500e-05;
3.497600e-05 1.161500e-05;
2.186300e-05 -4.355400e-05;
2.186300e-05 -4.355400e-05;
3.981400e-05 1.368100e-05;
3.981400e-05 1.368100e-05;
1.609300e-05 -3.193200e-05;
1.609300e-05 -3.193200e-05;
2.033300e-05 -4.082700e-05;
2.033300e-05 -4.082700e-05;
3.647900e-05 1.147100e-05;
3.647900e-05 1.147100e-05;
1.921600e-05 -3.838700e-05;
1.921600e-05 -3.838700e-05;
3.016900e-05 8.289100e-05;
3.591600e-05 1.647800e-05;
3.591600e-05 1.647800e-05;
1.834000e-05 -3.760500e-05;
1.834000e-05 -3.760500e-05;
3.834100e-05 8.051100e-05;
3.016900e-05 8.289100e-05;
3.016900e-05 8.289100e-05;
9.655000e-05 -8.276600e-06;
9.655000e-05 -8.276600e-06;
1.778400e-05 -3.400600e-05;
1.778400e-05 -3.400600e-05;
3.834100e-05 8.051100e-05;
3.834100e-05 8.051100e-05;
3.523300e-05 8.116300e-05;
3.523300e-05 8.116300e-05;
7.540600e-05 -3.541800e-05;
7.540600e-05 -3.541800e-05;
1.357900e-05 -3.701400e-05;
1.357900e-05 -3.701400e-05;
3.361200e-05 8.374300e-05;
3.361200e-05 8.374300e-05;
3.643200e-05 8.674800e-05;
3.643200e-05 8.674800e-05;
3.718900e-05 8.789800e-05;
3.718900e-05 8.789800e-05;
7.826100e-05 -3.076200e-05;
7.826100e-05 -3.076200e-05;
7.462600e-05 -6.254600e-05;
7.462600e-05 -6.254600e-05;
3.707300e-05 8.874500e-05;
3.707300e-05 8.874500e-05;
3.757500e-05 8.903600e-05;
3.757500e-05 8.903600e-05;
8.430100e-05 -3.450400e-05;
8.430100e-05 -3.450400e-05;
7.951000e-05 -2.798800e-05;
7.951000e-05 -2.798800e-05;
3.787400e-05 9.148900e-05;
3.787400e-05 9.148900e-05;
3.722200e-05 8.834100e-05;
3.722200e-05 8.834100e-05;
8.675800e-05 -3.518400e-05;
8.675800e-05 -3.518400e-05;
7.930200e-05 -3.374400e-05;
7.930200e-05 -3.374400e-05;
3.899800e-05 9.383400e-05;
3.899800e-05 9.383400e-05;
3.613300e-05 8.571200e-05;
3.613300e-05 8.571200e-05;
3.442300e-05 8.161100e-05;
3.442300e-05 8.161100e-05;
8.890700e-05 -3.623200e-05;
8.890700e-05 -3.623200e-05;
8.679800e-05 -3.571500e-05;
8.679800e-05 -3.571500e-05;
3.805600e-05 9.188900e-05;
3.805600e-05 9.188900e-05;
3.220600e-05 7.654300e-05;
3.220600e-05 7.654300e-05;
8.829900e-05 -3.591900e-05;
8.829900e-05 -3.591900e-05;
8.943400e-05 -3.713300e-05;
8.943400e-05 -3.713300e-05;
3.659300e-05 8.821400e-05;
3.659300e-05 8.821400e-05;
3.006600e-05 7.133200e-05;
3.006600e-05 7.133200e-05;
8.567800e-05 -3.485700e-05;
8.567800e-05 -3.485700e-05;
8.183300e-05 -3.331600e-05;
8.183300e-05 -3.331600e-05;
9.218100e-05 -3.809800e-05;
9.218100e-05 -3.809800e-05;
3.522300e-05 8.450100e-05;
3.522300e-05 8.450100e-05;
2.795000e-05 6.642500e-05;
2.795000e-05 6.642500e-05;
7.710700e-05 -3.138300e-05;
7.710700e-05 -3.138300e-05;
9.094500e-05 -3.759000e-05;
9.094500e-05 -3.759000e-05;
3.356500e-05 8.102900e-05;
3.356500e-05 8.102900e-05;
2.655000e-05 6.407300e-05;
2.655000e-05 6.407300e-05;
7.158100e-05 -2.909400e-05;
7.158100e-05 -2.909400e-05;
6.694000e-05 -2.732600e-05;
6.694000e-05 -2.732600e-05;
8.837400e-05 -3.648800e-05;
8.837400e-05 -3.648800e-05;
3.198300e-05 7.702900e-05;
3.198300e-05 7.702900e-05;
2.684600e-05 6.472300e-05;
2.684600e-05 6.472300e-05;
6.461200e-05 -2.674600e-05;
6.461200e-05 -2.674600e-05;
8.487600e-05 -3.498400e-05;
8.487600e-05 -3.498400e-05;
3.001200e-05 7.484900e-05;
3.001200e-05 7.484900e-05;
6.551900e-05 -2.706700e-05;
6.551900e-05 -2.706700e-05;
8.075600e-05 -3.352300e-05;
8.075600e-05 -3.352300e-05;
3.035300e-05 6.833900e-05;
3.035300e-05 6.833900e-05;
7.630100e-05 -3.149300e-05;
7.630100e-05 -3.149300e-05;
2.052100e-05 7.619700e-05;
2.052100e-05 7.619700e-05;
7.388500e-05 -3.155300e-05;
7.388500e-05 -3.155300e-05;
-7.535300e-05 1.597200e-04;
1.542700e-04 1.355900e-04;
1.542700e-04 1.355900e-04;
6.787100e-05 -2.622200e-05;
6.787100e-05 -2.622200e-05;
-7.535300e-05 1.597200e-04;
-7.535300e-05 1.597200e-04;
-5.889100e-05 1.685700e-04;
1.701500e-04 6.158800e-05;
1.701500e-04 6.158800e-05;
6.689500e-05 -3.867200e-05;
6.689500e-05 -3.867200e-05;
-6.446600e-05 1.639000e-04;
-6.446600e-05 1.639000e-04;
-5.889100e-05 1.685700e-04;
-5.889100e-05 1.685700e-04;
1.671000e-04 7.256300e-05;
1.671000e-04 7.256300e-05;
2.019900e-04 1.349400e-05;
2.019900e-04 1.349400e-05;
-7.140200e-05 1.746200e-04;
-7.140200e-05 1.746200e-04;
-7.181200e-05 1.773700e-04;
-7.181200e-05 1.773700e-04;
-7.094100e-05 1.656100e-04;
-7.094100e-05 1.656100e-04;
1.803800e-04 7.560700e-05;
1.803800e-04 7.560700e-05;
1.592600e-04 7.669200e-05;
1.592600e-04 7.669200e-05;
-7.327000e-05 1.799800e-04;
-7.327000e-05 1.799800e-04;
-7.267000e-05 1.771200e-04;
-7.267000e-05 1.771200e-04;
1.826800e-04 7.722600e-05;
1.826800e-04 7.722600e-05;
1.657400e-04 6.656300e-05;
1.657400e-04 6.656300e-05;
-7.297900e-05 1.791800e-04;
-7.297900e-05 1.791800e-04;
-7.555900e-05 1.820900e-04;
-7.555900e-05 1.820900e-04;
1.852200e-04 7.809000e-05;
1.852200e-04 7.809000e-05;
1.767000e-04 7.372700e-05;
1.767000e-04 7.372700e-05;
-7.069700e-05 1.738400e-04;
-7.069700e-05 1.738400e-04;
-6.692600e-05 1.646400e-04;
-6.692600e-05 1.646400e-04;
-7.680500e-05 1.860300e-04;
-7.680500e-05 1.860300e-04;
1.818400e-04 7.669200e-05;
1.818400e-04 7.669200e-05;
1.806300e-04 7.461800e-05;
1.806300e-04 7.461800e-05;
-6.289600e-05 1.541400e-04;
-6.289600e-05 1.541400e-04;
-7.546900e-05 1.824400e-04;
-7.546900e-05 1.824400e-04;
1.759900e-04 7.419100e-05;
1.759900e-04 7.419100e-05;
1.666800e-04 7.029600e-05;
1.666800e-04 7.029600e-05;
1.839500e-04 7.645000e-05;
1.839500e-04 7.645000e-05;
-5.870100e-05 1.440200e-04;
-5.870100e-05 1.440200e-04;
-7.287600e-05 1.762500e-04;
-7.287600e-05 1.762500e-04;
-5.440400e-05 1.336300e-04;
-5.440400e-05 1.336300e-04;
1.566900e-04 6.586900e-05;
1.566900e-04 6.586900e-05;
1.810000e-04 7.508900e-05;
1.810000e-04 7.508900e-05;
-6.965500e-05 1.691100e-04;
-6.965500e-05 1.691100e-04;
-5.323300e-05 1.281400e-04;
-5.323300e-05 1.281400e-04;
1.456800e-04 6.146500e-05;
1.456800e-04 6.146500e-05;
1.351700e-04 5.680300e-05;
1.351700e-04 5.680300e-05;
1.747200e-04 7.256900e-05;
1.747200e-04 7.256900e-05;
-6.711800e-05 1.620700e-04;
-6.711800e-05 1.620700e-04;
-5.400300e-05 1.304400e-04;
-5.400300e-05 1.304400e-04;
1.309800e-04 5.418900e-05;
1.309800e-04 5.418900e-05;
1.680300e-04 6.993800e-05;
1.680300e-04 6.993800e-05;
-6.374900e-05 1.544400e-04;
-6.374900e-05 1.544400e-04;
1.326900e-04 5.500400e-05;
1.326900e-04 5.500400e-05;
1.599500e-04 6.611500e-05;
1.599500e-04 6.611500e-05;
-6.370600e-05 1.485600e-04;
-6.370600e-05 1.485600e-04;
1.516800e-04 6.301400e-05;
1.516800e-04 6.301400e-05;
-5.326000e-05 1.378400e-04;
-5.326000e-05 1.378400e-04;
1.473700e-04 5.901700e-05;
1.473700e-04 5.901700e-05;
-7.892100e-05 1.364200e-04;
-7.892100e-05 1.364200e-04;
1.317200e-04 5.834000e-05;
1.317200e-04 5.834000e-05;
2.943300e-05 4.158700e-04;
2.943300e-05 4.158700e-04;
1.444100e-04 3.788300e-05;
1.444100e-04 3.788300e-05;
1.598000e-04 3.365900e-04;
1.598000e-04 3.365900e-04;
2.633700e-04 2.998200e-04;
2.633700e-04 2.998200e-04;
1.387600e-04 3.465600e-04;
1.387600e-04 3.465600e-04;
1.154200e-04 3.289700e-04;
1.154200e-04 3.289700e-04;
9.214700e-04 -7.382000e-05;
9.214700e-04 -7.382000e-05;
1.486900e-03 -1.134300e-17;
6.250000e-04 0;
1.490700e-04 3.592600e-04;
1.490700e-04 3.592600e-04;
1.383000e-04 3.231100e-04;
1.383000e-04 3.231100e-04;
8.695500e-04 2.072300e-05;
8.695500e-04 2.072300e-05;
1.451500e-04 3.533500e-04;
1.451500e-04 3.533500e-04;
1.452300e-04 3.530300e-04;
1.452300e-04 3.530300e-04;
8.456800e-04 -4.784800e-06;
8.456800e-04 -4.784800e-06;
9.371600e-04 7.474400e-05;
1.493700e-03 -2.215200e-17;
9.371600e-04 7.474400e-05;
6.250000e-04 0;
1.439800e-04 3.494100e-04;
1.439800e-04 3.494100e-04;
1.382200e-04 3.356000e-04;
1.382200e-04 3.356000e-04;
1.511800e-04 3.641100e-04;
1.511800e-04 3.641100e-04;
7.936300e-04 1.126700e-06;
7.936300e-04 1.126700e-06;
7.449100e-04 2.401300e-07;
7.449100e-04 2.401300e-07;
8.639100e-04 -2.146500e-05;
8.639100e-04 -2.146500e-05;
1.324800e-04 3.209700e-04;
1.324800e-04 3.209700e-04;
1.528200e-04 3.702100e-04;
1.528200e-04 3.702100e-04;
6.958100e-04 7.496800e-07;
6.958100e-04 7.496800e-07;
8.509000e-04 4.316200e-06;
8.509000e-04 4.316200e-06;
1.275400e-04 3.077100e-04;
1.275400e-04 3.077100e-04;
1.505100e-04 3.627500e-04;
1.505100e-04 3.627500e-04;
6.527000e-04 2.826700e-07;
6.527000e-04 2.826700e-07;
7.933900e-04 -9.919700e-08;
7.933900e-04 -9.919700e-08;
1.195400e-04 2.900000e-04;
1.195400e-04 2.900000e-04;
1.096900e-04 2.678500e-04;
1.096900e-04 2.678500e-04;
1.440800e-04 3.477100e-04;
1.440800e-04 3.477100e-04;
6.073800e-04 -6.471400e-07;
6.073800e-04 -6.471400e-07;
7.379500e-04 -3.079400e-07;
7.379500e-04 -3.079400e-07;
9.934900e-05 2.417700e-04;
9.934900e-05 2.417700e-04;
9.066400e-05 2.267700e-04;
9.066400e-05 2.267700e-04;
1.382300e-04 3.352400e-04;
1.382300e-04 3.352400e-04;
5.628700e-04 9.791200e-07;
5.628700e-04 9.791200e-07;
5.373400e-04 -5.798100e-08;
5.373400e-04 -5.798100e-08;
6.967800e-04 -1.729400e-06;
6.967800e-04 -1.729400e-06;
4.890800e-04 -1.596800e-06;
4.890800e-04 -1.596800e-06;
7.110700e-05 1.813000e-04;
7.110700e-05 1.813000e-04;
1.335100e-04 3.220300e-04;
1.335100e-04 3.220300e-04;
6.411400e-04 2.957000e-07;
6.411400e-04 2.957000e-07;
1.267600e-04 3.087400e-04;
1.267600e-04 3.087400e-04;
5.906200e-04 1.647600e-07;
5.906200e-04 1.647600e-07;
1.284200e-04 3.159600e-04;
1.284200e-04 3.159600e-04;
5.482600e-04 -4.973000e-07;
5.482600e-04 -4.973000e-07;
1.277000e-04 3.133700e-04;
1.277000e-04 3.133700e-04;
5.189400e-04 1.807700e-07;
5.189400e-04 1.807700e-07;
1.384500e-04 3.226900e-04;
1.384500e-04 3.226900e-04;
4.730400e-04 1.551900e-06;
4.730400e-04 1.551900e-06;
9.454300e-05 -2.843600e-07;
9.454300e-05 -2.843600e-07;
1.374700e-04 -3.214300e-04;
1.374700e-04 -3.214300e-04;
1.269100e-04 -3.096900e-04;
1.269100e-04 -3.096900e-04;
7.363400e-05 -1.874200e-04;
7.363400e-05 -1.874200e-04;
1.286200e-04 -3.171400e-04;
1.286200e-04 -3.171400e-04;
9.441300e-05 -2.353100e-04;
9.441300e-05 -2.353100e-04;
1.283300e-04 -3.130300e-04;
1.283300e-04 -3.130300e-04;
1.036200e-04 -2.532300e-04;
1.036200e-04 -2.532300e-04;
1.363400e-04 -3.287500e-04;
1.363400e-04 -3.287500e-04;
1.163600e-04 -2.836200e-04;
1.163600e-04 -2.836200e-04;
1.424000e-04 -3.444500e-04;
1.424000e-04 -3.444500e-04;
1.272100e-04 -3.076300e-04;
1.272100e-04 -3.076300e-04;
1.472900e-04 -3.563800e-04;
1.472900e-04 -3.563800e-04;
1.359800e-04 -3.289400e-04;
1.359800e-04 -3.289400e-04;
1.501900e-04 -3.628200e-04;
1.501900e-04 -3.628200e-04;
1.426600e-04 -3.462100e-04;
1.426600e-04 -3.462100e-04;
1.488200e-04 -3.601200e-04;
1.488200e-04 -3.601200e-04;
1.482500e-04 -3.598600e-04;
1.482500e-04 -3.598600e-04;
1.434200e-04 -3.453400e-04;
1.434200e-04 -3.453400e-04;
1.379900e-04 -3.355300e-04;
1.379900e-04 -3.355300e-04;
1.495700e-04 -3.619000e-04;
1.495700e-04 -3.619000e-04;
1.330900e-04 -3.104400e-04;
1.330900e-04 -3.104400e-04;
1.447100e-04 -3.524700e-04;
1.447100e-04 -3.524700e-04;
1.123200e-04 -3.220400e-04;
1.123200e-04 -3.220400e-04;
1.422700e-04 -3.424200e-04;
1.422700e-04 -3.424200e-04;
1.266000e-04 -3.187100e-04;
1.266000e-04 -3.187100e-04;
1.477400e-04 -3.065200e-04;
1.477400e-04 -3.065200e-04;
1.477400e-04 -3.065200e-04;
