1.963700e-04 6.402000e-05;
1.950900e-04 6.414200e-05;
1.487400e-04 3.785300e-05;
1.452900e-04 5.797600e-05;
9.558100e-05 -1.883900e-04;
7.279500e-05 -1.215900e-04;
8.609500e-05 -1.700100e-04;
8.710000e-05 -1.733200e-04;
5.672500e-05 -1.338700e-04;
2.002000e-05 -3.937700e-05;
1.162600e-04 -1.277300e-05;
2.002000e-05 -3.937700e-05;
4.236700e-05 1.379100e-05;
4.236700e-05 1.379100e-05;
3.234100e-05 7.652500e-05;
3.234100e-05 7.652500e-05;
1.692700e-04 1.552800e-04;
7.820700e-05 -3.173100e-05;
7.820700e-05 -3.173100e-05;
-6.311500e-05 1.554700e-04;
-6.311500e-05 1.554700e-04;
1.958500e-05 4.631200e-04;
1.579100e-04 6.671100e-05;
1.579100e-04 6.671100e-05;
2.987500e-03 2.690400e-17;
2.143300e-03 -1.895300e-17;
2.864300e-03 4.524600e-05;
2.843400e-03 -5.459200e-05;
6.002100e-04 8.527800e-06;
6.002100e-04 8.527800e-06;
1.804800e-03 7.494500e-04;
1.161200e-04 2.503500e-04;
1.161200e-04 2.503500e-04;
5.778300e-04 -7.526900e-06;
1.148500e-04 -2.482000e-04;
5.778300e-04 -7.526900e-06;
1.148500e-04 -2.482000e-04;
1.148500e-04 -2.482000e-04;
1.340200e-04 4.529600e-05;
1.944300e-04 6.408900e-05;
1.349400e-04 4.462200e-05;
1.333900e-04 4.234800e-05;
1.937600e-04 6.347100e-05;
1.299600e-04 4.142300e-05;
1.371300e-04 4.518800e-05;
5.557600e-05 -1.144200e-04;
1.829400e-04 6.056400e-05;
1.844600e-04 6.013700e-05;
1.230400e-04 4.019100e-05;
1.294300e-04 4.289900e-05;
8.405000e-05 -1.672700e-04;
5.913000e-05 -1.145500e-04;
5.631100e-05 -1.109200e-04;
9.556700e-05 -1.880700e-04;
6.052300e-05 -1.157200e-04;
1.947400e-04 6.457900e-05;
1.845600e-04 6.001300e-05;
1.155100e-04 3.742300e-05;
1.226100e-04 4.095800e-05;
8.767100e-05 -1.736600e-04;
5.476800e-05 -1.073700e-04;
9.067500e-05 -1.793600e-04;
6.051500e-05 -1.209300e-04;
1.923100e-04 6.267800e-05;
1.830200e-04 5.997300e-05;
1.082500e-04 3.493000e-05;
1.685700e-04 5.495600e-05;
1.020700e-04 3.327300e-05;
1.167000e-04 3.860400e-05;
8.632000e-05 -1.698100e-04;
5.197000e-05 -1.018700e-04;
9.004300e-05 -1.788100e-04;
5.871000e-05 -1.177900e-04;
1.948900e-04 6.358300e-05;
1.614400e-04 5.236300e-05;
9.539300e-05 3.088600e-05;
1.972900e-04 6.521200e-05;
1.123100e-04 3.719100e-05;
8.553800e-05 -1.681500e-04;
4.949300e-05 -9.667800e-05;
8.022600e-05 -1.575300e-04;
4.623900e-05 -9.087800e-05;
9.115700e-05 -1.804400e-04;
5.718500e-05 -1.135200e-04;
1.770700e-04 5.820600e-05;
1.635500e-04 5.367600e-05;
8.969300e-05 2.923900e-05;
2.010600e-04 6.661500e-05;
1.621600e-04 5.422800e-05;
8.606100e-05 2.838900e-05;
1.070900e-04 3.583000e-05;
7.854600e-05 -1.554700e-04;
4.362000e-05 -8.523100e-05;
9.275400e-05 -1.856000e-04;
9.363600e-05 -1.844500e-04;
5.503700e-05 -1.089100e-04;
1.706000e-04 5.683600e-05;
2.004600e-04 6.713100e-05;
1.978000e-04 6.782800e-05;
1.476800e-04 5.133300e-05;
8.523800e-05 2.926200e-05;
1.004000e-04 3.360900e-05;
7.570000e-05 -1.488000e-04;
4.074000e-05 -7.992200e-05;
7.012800e-05 -1.399700e-04;
3.899800e-05 -7.771400e-05;
9.528800e-05 -1.885000e-04;
8.376100e-05 -1.667700e-04;
5.188700e-05 -1.041600e-04;
1.750200e-04 5.977500e-05;
1.960500e-04 6.986400e-05;
1.931700e-04 6.916000e-05;
1.492000e-04 5.190100e-05;
8.686000e-05 2.800600e-05;
9.590600e-05 3.301600e-05;
6.466100e-05 -1.326700e-04;
3.881600e-05 -7.861000e-05;
8.579400e-05 -1.776900e-04;
9.498200e-05 -1.910200e-04;
8.086800e-05 -1.613600e-04;
4.882800e-05 -9.800600e-05;
1.582400e-04 5.599600e-05;
4.138800e-05 -8.061700e-05;
1.970300e-04 6.769300e-05;
1.906600e-04 5.910200e-05;
1.367800e-04 3.719500e-05;
8.844800e-05 3.064100e-05;
6.526900e-05 -1.342500e-04;
6.480300e-05 -1.193400e-04;
8.574300e-05 -1.797400e-04;
9.146700e-05 -1.894300e-04;
7.752800e-05 -1.585700e-04;
4.648600e-05 -9.311500e-05;
1.578400e-04 5.169900e-05;
1.162600e-04 -1.277300e-05;
9.588200e-05 -8.622700e-05;
2.115400e-04 4.013900e-05;
1.924600e-04 1.451800e-05;
1.495000e-04 3.568000e-04;
1.051500e-04 3.117900e-05;
9.322400e-05 -1.767500e-04;
1.038700e-04 -1.494500e-04;
9.204300e-05 -1.856700e-04;
7.115600e-05 -1.484500e-04;
4.421400e-05 -9.049000e-05;
2.001100e-04 2.208000e-05;
1.821100e-04 -6.227400e-05;
1.478100e-04 -1.323300e-04;
2.614200e-04 -4.554600e-05;
1.437400e-04 3.101600e-04;
8.096800e-05 1.977500e-04;
1.188300e-04 3.244600e-04;
1.563700e-04 3.750300e-04;
2.071200e-04 -2.726100e-05;
1.246400e-04 -1.796800e-04;
8.229200e-05 -1.505700e-04;
4.126100e-05 -8.487400e-05;
2.973300e-04 -6.719300e-05;
2.231700e-04 -1.505600e-04;
3.136900e-04 -1.289900e-04;
8.436300e-05 1.984800e-04;
1.360800e-04 3.236000e-04;
8.352700e-05 1.972300e-04;
1.350300e-04 3.235700e-04;
1.578900e-04 3.732300e-04;
3.122500e-04 -1.098200e-04;
1.875800e-04 -7.865900e-05;
1.729700e-04 -1.635200e-04;
5.169300e-05 -9.594900e-05;
3.600700e-04 -1.491400e-04;
2.684600e-04 -1.615800e-04;
8.442200e-05 2.016900e-04;
1.387700e-04 3.312300e-04;
8.643600e-05 2.062700e-04;
1.526200e-04 3.692400e-04;
3.234500e-04 -1.326000e-04;
1.897100e-04 -7.669500e-05;
3.760300e-04 -1.538400e-04;
1.664000e-04 -1.272700e-04;
3.060700e-04 -1.351700e-04;
8.626800e-05 2.099900e-04;
1.506900e-04 3.569900e-04;
8.921800e-05 2.097400e-04;
1.426600e-04 3.397700e-04;
1.401500e-04 3.317000e-04;
8.825600e-05 2.108200e-04;
3.339600e-04 -1.355600e-04;
2.004800e-04 -8.188100e-05;
3.779500e-04 -1.552700e-04;
3.175100e-04 -1.305600e-04;
1.910900e-04 -7.598300e-05;
9.111400e-05 2.169100e-04;
1.553400e-04 3.694900e-04;
1.473500e-04 3.552700e-04;
8.865500e-05 2.108500e-04;
3.453100e-04 -1.424800e-04;
2.072700e-04 -8.407100e-05;
3.751900e-04 -1.519500e-04;
3.194200e-04 -1.313000e-04;
1.929800e-04 -8.004000e-05;
9.208200e-05 2.217900e-04;
1.510400e-04 3.651900e-04;
1.484000e-04 3.532100e-04;
8.616600e-05 2.049000e-04;
3.448300e-04 -1.413800e-04;
2.112800e-04 -8.634100e-05;
3.531400e-04 -1.445500e-04;
2.064100e-04 -8.474400e-05;
9.028800e-05 2.176400e-04;
1.540700e-04 3.685900e-04;
1.473500e-04 3.517300e-04;
8.295600e-05 1.963100e-04;
1.408000e-04 3.342800e-04;
7.817800e-05 1.856600e-04;
3.508600e-04 -1.429700e-04;
2.104300e-04 -8.587600e-05;
3.496800e-04 -1.455100e-04;
2.133700e-04 -8.865200e-05;
8.732200e-05 2.100200e-04;
1.576100e-04 3.743200e-04;
1.581900e-04 3.793200e-04;
1.276500e-04 3.057800e-04;
7.303800e-05 1.742100e-04;
3.450300e-04 -1.421600e-04;
2.051600e-04 -8.350500e-05;
3.630800e-04 -1.487400e-04;
2.180600e-04 -8.954100e-05;
8.442200e-05 2.028200e-04;
1.449400e-04 3.471700e-04;
1.592300e-04 3.853400e-04;
1.305300e-04 3.127700e-04;
6.850600e-05 1.633300e-04;
1.211600e-04 2.977800e-04;
6.479800e-05 1.585800e-04;
3.415700e-04 -1.394000e-04;
1.969200e-04 -8.035200e-05;
3.335600e-04 -1.352600e-04;
1.872900e-04 -7.608300e-05;
3.480700e-04 -1.415100e-04;
2.152300e-04 -8.935800e-05;
8.069900e-05 1.948900e-04;
1.381500e-04 3.334200e-04;
1.144400e-04 2.880700e-04;
6.452800e-05 1.587000e-04;
1.586500e-04 3.885700e-04;
1.432200e-04 3.653300e-04;
3.010000e-04 -1.237200e-04;
1.745500e-04 -7.119900e-05;
3.792400e-04 -1.569100e-04;
3.559100e-04 -1.470100e-04;
2.112800e-04 -8.658900e-05;
7.720700e-05 1.870600e-04;
1.330300e-04 3.309100e-04;
1.139700e-04 2.773000e-04;
6.760500e-05 1.564000e-04;
1.435200e-04 3.634800e-04;
1.516800e-04 3.850600e-04;
1.104600e-04 2.295800e-04;
2.885800e-04 -1.212400e-04;
1.644200e-04 -6.741300e-05;
1.592400e-04 -6.674700e-05;
3.057800e-04 -1.247900e-04;
3.842500e-04 -1.586900e-04;
3.264000e-04 -1.352100e-04;
2.035500e-04 -8.422200e-05;
7.240300e-05 1.808900e-04;
1.226200e-04 3.114600e-04;
1.607400e-04 -6.337700e-05;
1.603200e-04 3.501500e-04;
1.565500e-04 3.837700e-04;
1.692700e-04 1.552800e-04;
1.855400e-04 2.876600e-04;
2.696700e-04 -1.163100e-04;
1.596300e-04 -6.726900e-05;
3.575500e-04 -1.554800e-04;
3.877000e-04 -1.629400e-04;
3.212300e-04 -1.330700e-04;
1.941100e-04 -8.048000e-05;
6.942800e-05 1.698800e-04;
1.467200e-04 3.172300e-04;
2.719600e-04 -1.141200e-04;
2.452700e-04 -8.883900e-05;
2.371000e-04 -5.355000e-06;
3.162400e-04 1.216400e-04;
2.260300e-04 3.647500e-04;
3.039000e-04 2.553500e-04;
3.591900e-04 -1.569000e-04;
3.785600e-04 -1.635000e-04;
3.138400e-04 -1.340900e-04;
1.853600e-04 -7.685900e-05;
9.031800e-05 2.006800e-04;
2.425400e-04 3.258400e-04;
3.633700e-04 -1.356700e-04;
3.468900e-04 -7.474900e-05;
4.023600e-04 1.891800e-05;
4.429500e-04 1.741200e-04;
4.020700e-04 3.195200e-04;
3.751900e-04 -1.583700e-04;
2.972800e-04 -1.294500e-04;
1.783000e-04 -7.604500e-05;
-2.863400e-04 7.067000e-04;
3.410000e-04 2.698100e-04;
5.048100e-04 3.334500e-04;
4.188200e-04 -9.670200e-05;
5.067500e-04 4.425300e-05;
5.858200e-04 2.377000e-04;
3.238300e-04 -1.195700e-04;
1.650300e-04 -7.025400e-05;
-2.298300e-04 6.319400e-04;
-1.660600e-04 3.942800e-04;
-3.077700e-04 7.497400e-04;
-2.945500e-04 6.297500e-04;
6.270500e-04 3.018300e-04;
4.037200e-04 1.677200e-04;
7.066400e-04 2.880600e-04;
4.264100e-04 -3.329800e-05;
5.928800e-04 1.261900e-04;
2.023300e-04 -7.560600e-05;
-2.656300e-04 6.498200e-04;
-1.601800e-04 3.960700e-04;
-3.039400e-04 7.473600e-04;
-2.749300e-04 6.728200e-04;
-1.605900e-04 4.012400e-04;
6.624400e-04 2.794500e-04;
4.050700e-04 1.705600e-04;
7.466000e-04 3.133200e-04;
6.182600e-04 2.329900e-04;
4.263300e-04 4.898500e-05;
-2.764000e-04 6.746100e-04;
-1.705200e-04 4.142800e-04;
-2.977900e-04 7.150400e-04;
-1.673000e-04 4.031300e-04;
6.957800e-04 2.883100e-04;
4.250400e-04 1.793500e-04;
7.456000e-04 3.140500e-04;
6.419800e-04 2.682300e-04;
3.935100e-04 1.696900e-04;
-2.976800e-04 7.355000e-04;
-1.693000e-04 4.233100e-04;
-2.694400e-04 6.609000e-04;
-1.749100e-04 4.260500e-04;
-2.820100e-04 6.857200e-04;
-1.736300e-04 4.183800e-04;
6.902700e-04 2.891100e-04;
4.334500e-04 1.825700e-04;
7.053700e-04 2.937300e-04;
4.004700e-04 1.662700e-04;
-2.906600e-04 7.034300e-04;
-1.742400e-04 4.257300e-04;
-3.068600e-04 7.542500e-04;
-1.767000e-04 4.334200e-04;
6.912500e-04 2.891000e-04;
4.384800e-04 1.850300e-04;
7.021100e-04 2.916500e-04;
4.191200e-04 1.737000e-04;
-2.919600e-04 7.142200e-04;
-1.689500e-04 4.151800e-04;
-2.997500e-04 7.266800e-04;
-1.824000e-04 4.394300e-04;
6.884100e-04 2.904400e-04;
4.315700e-04 1.802200e-04;
6.985000e-04 2.926000e-04;
4.293500e-04 1.772000e-04;
-2.863400e-04 6.998600e-04;
-1.605900e-04 3.963700e-04;
-2.663500e-04 6.537800e-04;
-1.527900e-04 3.740500e-04;
-3.008800e-04 7.324900e-04;
-1.785900e-04 4.331900e-04;
7.213300e-04 3.029600e-04;
4.189100e-04 1.772900e-04;
7.014200e-04 2.906400e-04;
4.347000e-04 1.814900e-04;
-2.519000e-04 6.121600e-04;
-1.435100e-04 3.501300e-04;
-3.125900e-04 7.586900e-04;
-3.083100e-04 7.555000e-04;
-1.731800e-04 4.204500e-04;
6.914400e-04 2.882600e-04;
4.013300e-04 1.691000e-04;
6.727200e-04 2.858800e-04;
3.780900e-04 1.587000e-04;
6.984100e-04 2.951400e-04;
4.300000e-04 1.782300e-04;
-2.535600e-04 6.129100e-04;
-1.341000e-04 3.290700e-04;
-2.268800e-04 5.386200e-04;
-1.340000e-04 3.162800e-04;
-3.200900e-04 7.698700e-04;
-2.847400e-04 6.941800e-04;
-1.675300e-04 4.053100e-04;
6.418300e-04 2.678200e-04;
3.556400e-04 1.498800e-04;
7.575300e-04 3.124300e-04;
7.171000e-04 2.986700e-04;
4.162500e-04 1.742600e-04;
-2.433600e-04 5.626500e-04;
-1.340900e-04 3.178100e-04;
-3.123800e-04 7.069400e-04;
-3.276000e-04 7.777200e-04;
-2.679700e-04 6.477400e-04;
-1.618000e-04 3.899000e-04;
6.128100e-04 2.568300e-04;
3.321500e-04 1.389900e-04;
5.807400e-04 2.367700e-04;
3.239500e-04 1.320600e-04;
7.683500e-04 3.215500e-04;
6.629500e-04 2.742500e-04;
4.040600e-04 1.676700e-04;
-2.255100e-04 5.347200e-04;
-1.270700e-04 3.195100e-04;
-1.647200e-04 4.809400e-04;
-3.164400e-04 7.184300e-04;
-3.331900e-04 7.587500e-04;
-2.668600e-04 6.277600e-04;
-1.555800e-04 3.742700e-04;
3.214100e-04 1.393100e-04;
5.509800e-04 2.169600e-04;
3.252500e-04 1.316400e-04;
7.297000e-04 2.858900e-04;
7.799600e-04 3.164000e-04;
6.590100e-04 2.733200e-04;
3.845200e-04 1.593100e-04;
1.958500e-05 4.631200e-04;
-2.710100e-04 7.277200e-04;
-1.492600e-04 6.913400e-04;
-3.178100e-04 7.526200e-04;
-2.613300e-04 5.903800e-04;
-1.540200e-04 3.580900e-04;
5.660200e-04 2.311400e-04;
4.807400e-04 2.311100e-04;
3.433800e-04 3.338800e-04;
2.780700e-04 6.288700e-04;
7.432500e-04 2.879700e-04;
7.671200e-04 3.012700e-04;
6.441000e-04 2.569100e-04;
3.694100e-04 1.523800e-04;
6.596100e-05 7.977500e-04;
-1.976200e-04 8.335200e-04;
-2.415600e-04 6.465300e-04;
-1.416700e-04 3.342200e-04;
7.075500e-04 3.224900e-04;
6.006300e-04 3.861300e-04;
5.440900e-04 6.028700e-04;
3.803300e-04 8.784800e-04;
7.541100e-04 3.042900e-04;
6.281100e-04 2.437800e-04;
3.556500e-04 1.424400e-04;
1.138300e-04 1.022600e-03;
-1.106600e-04 8.064800e-04;
-1.552100e-04 4.126700e-04;
4.937900e-04 1.165100e-03;
7.295800e-04 4.513400e-04;
6.538700e-04 7.848700e-04;
6.203900e-04 2.845900e-04;
3.286800e-04 1.322300e-04;
2.440800e-04 1.185000e-03;
1.091400e-04 8.718400e-04;
5.947300e-04 1.407300e-03;
6.593300e-04 1.014300e-03;
6.396700e-04 5.312200e-04;
3.831300e-04 1.726200e-04;
4.800600e-04 1.331400e-03;
3.462800e-04 8.248000e-04;
6.155100e-04 1.495200e-03;
5.440100e-04 1.202700e-03;
5.279800e-04 6.648200e-04;
5.563200e-04 1.327600e-03;
3.428000e-04 8.328500e-04;
6.197300e-04 1.481500e-03;
5.250400e-04 1.266200e-03;
3.139900e-04 7.854800e-04;
2.111700e-03 -1.121000e-04;
5.678300e-04 1.377900e-03;
3.512700e-04 8.522200e-04;
5.618700e-04 1.357200e-03;
3.289100e-04 7.890200e-04;
2.138100e-03 1.140200e-04;
3.297900e-03 7.738700e-06;
2.064700e-03 1.469700e-05;
5.686800e-04 1.380300e-03;
3.470300e-04 8.422800e-04;
5.872200e-04 1.420000e-03;
3.427100e-04 8.345800e-04;
2.048900e-03 -1.611800e-05;
3.106700e-03 -4.772000e-06;
1.967600e-03 -7.764300e-06;
3.027500e-03 -2.460700e-05;
5.767800e-04 1.406600e-03;
3.427000e-04 8.313900e-04;
5.708500e-04 1.391600e-03;
3.596300e-04 8.627600e-04;
2.928200e-03 3.561500e-07;
1.875800e-03 9.384300e-06;
1.981500e-03 -6.143600e-06;
3.183000e-03 7.633300e-06;
5.748300e-04 1.404800e-03;
3.285500e-04 8.018300e-04;
5.460700e-04 1.313100e-03;
3.212400e-04 7.720900e-04;
5.732300e-04 1.389700e-03;
3.610900e-04 8.756700e-04;
3.132800e-03 1.103900e-05;
1.778900e-03 -6.198700e-06;
2.828600e-03 1.603500e-06;
1.677200e-03 6.572900e-07;
1.879600e-03 1.248900e-05;
2.920700e-03 8.936300e-06;
5.846500e-04 1.395100e-03;
3.088300e-04 7.458100e-04;
5.971200e-04 1.435300e-03;
3.556700e-04 8.608900e-04;
2.590100e-03 5.216600e-06;
1.578200e-03 3.415800e-06;
3.221400e-03 4.712300e-06;
3.147000e-03 -1.758600e-05;
1.758500e-03 -1.083700e-05;
5.305900e-04 1.291500e-03;
2.900600e-04 7.045200e-04;
6.138900e-04 1.491100e-03;
5.581000e-04 1.343300e-03;
3.450500e-04 8.286400e-04;
2.639600e-03 -5.727200e-07;
1.481500e-03 -3.199100e-06;
3.241000e-03 7.139700e-06;
2.676500e-03 -1.093500e-05;
1.680400e-03 4.500400e-06;
5.148000e-04 1.258600e-03;
2.671500e-04 6.560500e-04;
4.786300e-04 1.198400e-03;
2.434700e-04 6.002100e-04;
6.173600e-04 1.510100e-03;
5.218000e-04 1.267600e-03;
3.313900e-04 8.033700e-04;
2.531600e-03 -8.285700e-06;
1.385900e-03 2.511000e-06;
3.278200e-03 -6.262200e-06;
2.617100e-03 9.910800e-06;
1.557000e-03 5.133100e-07;
4.349800e-04 1.113300e-03;
2.164000e-04 5.553300e-04;
3.766600e-04 9.944300e-04;
1.843100e-04 4.852000e-04;
5.799200e-04 1.485400e-03;
6.049700e-04 1.509000e-03;
5.200800e-04 1.272700e-03;
3.202500e-04 7.736200e-04;
2.363700e-03 9.555100e-06;
1.317900e-03 2.511200e-07;
3.056200e-03 4.845400e-06;
2.274700e-03 -5.630000e-06;
1.232000e-03 -5.437200e-06;
3.173300e-03 1.153500e-06;
2.486700e-03 -1.059900e-06;
1.440900e-03 1.622000e-06;
2.116700e-03 7.086100e-06;
1.242800e-03 2.561800e-05;
2.691500e-04 5.261900e-04;
2.002700e-03 1.314700e-04;
4.024500e-04 9.628900e-04;
5.389300e-04 1.425100e-03;
5.238400e-04 1.320400e-03;
5.804900e-04 1.517100e-03;
5.357700e-04 1.355900e-03;
3.050600e-04 7.529400e-04;
3.207900e-03 4.660700e-06;
3.068500e-03 8.127400e-06;
3.007400e-03 4.904100e-07;
2.290100e-03 1.754900e-06;
1.355700e-03 -4.646700e-07;
2.906400e-03 4.265900e-05;
7.252600e-04 9.880100e-04;
1.804800e-03 7.494500e-04;
2.754200e-03 2.670300e-04;
7.265300e-04 1.329300e-03;
6.265900e-04 1.536800e-03;
5.011500e-04 1.300900e-03;
3.049300e-04 7.626200e-04;
3.204500e-03 5.759600e-06;
3.118000e-03 -1.009600e-05;
2.185900e-03 -3.348000e-06;
1.274800e-03 4.955100e-07;
3.152900e-03 -7.757400e-06;
1.353800e-03 1.172900e-03;
2.211000e-03 6.131700e-04;
2.777900e-03 7.773900e-06;
9.074200e-04 1.352200e-03;
5.912800e-04 1.251800e-03;
3.103100e-04 7.770100e-04;
2.884000e-03 -3.523300e-05;
2.141100e-03 4.557900e-06;
1.195100e-03 5.161100e-06;
2.782300e-03 -2.570500e-04;
1.428200e-03 8.100600e-04;
1.981200e-03 1.368500e-05;
2.271600e-03 -5.661500e-04;
8.076500e-04 7.305000e-04;
3.413000e-04 6.713900e-04;
2.099000e-03 -1.192100e-04;
1.197600e-03 -2.476400e-05;
1.976600e-03 -6.895200e-04;
9.959200e-04 -6.924800e-05;
1.465900e-03 -8.414000e-04;
1.448800e-03 -1.118600e-03;
3.735300e-04 4.813000e-06;
7.186500e-04 -9.265700e-04;
7.507600e-04 -1.240800e-03;
6.988100e-04 -9.474300e-04;
8.762400e-04 -1.406800e-03;
3.396300e-04 -6.715300e-04;
5.655900e-04 -1.346000e-03;
3.791800e-04 -8.661600e-04;
2.607100e-04 -5.243000e-04;
5.793600e-04 -1.262600e-03;
6.059900e-04 -1.534800e-03;
3.106100e-04 -7.687800e-04;
5.296700e-04 -1.401500e-03;
3.718000e-04 -9.568400e-04;
1.899100e-04 -4.980000e-04;
4.883200e-04 -1.271900e-03;
5.793600e-04 -1.513700e-03;
3.046700e-04 -7.649900e-04;
5.829400e-04 -1.495300e-03;
4.090600e-04 -1.060900e-03;
2.258300e-04 -5.751100e-04;
5.277400e-04 -1.337300e-03;
3.097500e-04 -7.629100e-04;
6.123200e-04 -1.512000e-03;
4.704800e-04 -1.177600e-03;
2.530000e-04 -6.275300e-04;
5.439300e-04 -1.330700e-03;
3.253600e-04 -7.868500e-04;
6.208200e-04 -1.513900e-03;
5.005700e-04 -1.220800e-03;
2.822700e-04 -6.889700e-04;
5.439100e-04 -1.312600e-03;
3.423600e-04 -8.236800e-04;
6.239100e-04 -1.493900e-03;
5.280700e-04 -1.269900e-03;
3.080300e-04 -7.444000e-04;
5.854300e-04 -1.416800e-03;
3.491800e-04 -8.484000e-04;
5.687400e-04 -1.378700e-03;
3.256800e-04 -7.896500e-04;
5.774800e-04 -1.400300e-03;
3.572800e-04 -8.594200e-04;
5.827300e-04 -1.420900e-03;
3.386300e-04 -8.246200e-04;
5.938400e-04 -1.440300e-03;
3.509800e-04 -8.520700e-04;
5.711500e-04 -1.383900e-03;
3.527400e-04 -8.526600e-04;
5.839700e-04 -1.416600e-03;
3.417300e-04 -8.265500e-04;
5.681900e-04 -1.371400e-03;
3.558800e-04 -8.594000e-04;
5.608200e-04 -1.365600e-03;
3.156400e-04 -7.588200e-04;
3.306100e-04 -7.974100e-04;
5.758200e-04 -1.383800e-03;
5.862700e-04 -1.426900e-03;
3.422700e-04 -8.391100e-04;
5.417800e-04 -1.306600e-03;
3.091500e-04 -7.696800e-04;
6.181100e-04 -1.483200e-03;
5.834200e-04 -1.417000e-03;
3.375500e-04 -8.148200e-04;
5.807100e-04 -1.226900e-03;
6.208200e-04 -1.493100e-03;
5.438300e-04 -1.314100e-03;
3.168300e-04 -7.727900e-04;
5.778600e-04 -1.418300e-03;
4.653300e-04 -1.257200e-03;
3.270900e-04 -7.600300e-04;
8.409800e-05 1.924800e-05;
6.634700e-05 2.336100e-05;
8.409800e-05 1.924800e-05;
6.634700e-05 2.336100e-05;
7.285400e-05 2.353600e-05;
7.285400e-05 2.353600e-05;
6.685800e-05 2.049300e-05;
6.685800e-05 2.049300e-05;
8.130200e-05 3.481800e-05;
6.679800e-05 2.152900e-05;
6.679800e-05 2.152900e-05;
7.302400e-05 2.428700e-05;
7.302400e-05 2.428700e-05;
2.690100e-05 -5.544100e-05;
2.690100e-05 -5.544100e-05;
4.083400e-05 -6.657300e-05;
4.083400e-05 -6.657300e-05;
3.101100e-05 -6.057200e-05;
3.101100e-05 -6.057200e-05;
6.343500e-05 2.054900e-05;
6.343500e-05 2.054900e-05;
6.679700e-05 2.244700e-05;
6.679700e-05 2.244700e-05;
2.873200e-05 -5.604400e-05;
2.873200e-05 -5.604400e-05;
5.862400e-05 1.890900e-05;
5.862400e-05 1.890900e-05;
5.441800e-05 1.759900e-05;
5.441800e-05 1.759900e-05;
2.975800e-05 -5.667000e-05;
3.043400e-05 -7.444700e-05;
2.975800e-05 -5.667000e-05;
3.043400e-05 -7.444700e-05;
6.343800e-05 2.111700e-05;
6.343800e-05 2.111700e-05;
2.791900e-05 -5.477900e-05;
2.791900e-05 -5.477900e-05;
5.073400e-05 1.644800e-05;
5.073400e-05 1.644800e-05;
3.208400e-05 -6.415000e-05;
3.208400e-05 -6.415000e-05;
5.906000e-05 1.970000e-05;
5.906000e-05 1.970000e-05;
2.618600e-05 -5.108100e-05;
2.618600e-05 -5.108100e-05;
2.463800e-05 -4.820200e-05;
2.463800e-05 -4.820200e-05;
4.718900e-05 1.522600e-05;
4.718900e-05 1.522600e-05;
3.005800e-05 -6.030800e-05;
3.005800e-05 -6.030800e-05;
5.673800e-05 1.871300e-05;
5.673800e-05 1.871300e-05;
2.299600e-05 -4.497600e-05;
2.299600e-05 -4.497600e-05;
4.404800e-05 1.425000e-05;
4.404800e-05 1.425000e-05;
2.935700e-05 -5.853100e-05;
2.935700e-05 -5.853100e-05;
5.371600e-05 1.799200e-05;
5.371600e-05 1.799200e-05;
2.144500e-05 -4.189000e-05;
2.144500e-05 -4.189000e-05;
1.990600e-05 -3.894200e-05;
1.990600e-05 -3.894200e-05;
4.196600e-05 1.373800e-05;
4.196600e-05 1.373800e-05;
2.765600e-05 -5.526700e-05;
2.765600e-05 -5.526700e-05;
4.974800e-05 1.660600e-05;
4.974800e-05 1.660600e-05;
1.908600e-05 -3.771100e-05;
1.908600e-05 -3.771100e-05;
4.199300e-05 1.394800e-05;
4.199300e-05 1.394800e-05;
2.623500e-05 -5.226400e-05;
2.623500e-05 -5.226400e-05;
4.776100e-05 1.641400e-05;
4.776100e-05 1.641400e-05;
1.932000e-05 -3.833900e-05;
1.932000e-05 -3.833900e-05;
2.439900e-05 -4.899100e-05;
2.439900e-05 -4.899100e-05;
4.373600e-05 1.375700e-05;
4.373600e-05 1.375700e-05;
2.305800e-05 -4.606300e-05;
2.305800e-05 -4.606300e-05;
3.620600e-05 9.947200e-05;
4.302500e-05 1.974800e-05;
4.302500e-05 1.974800e-05;
2.199900e-05 -4.511400e-05;
2.199900e-05 -4.511400e-05;
4.600700e-05 9.661400e-05;
3.620600e-05 9.947200e-05;
3.620600e-05 9.947200e-05;
1.158100e-04 -9.944200e-06;
1.158100e-04 -9.944200e-06;
2.131700e-05 -4.077400e-05;
2.131700e-05 -4.077400e-05;
4.600700e-05 9.661400e-05;
4.600700e-05 9.661400e-05;
4.228400e-05 9.740300e-05;
4.228400e-05 9.740300e-05;
9.048700e-05 -4.249800e-05;
9.048700e-05 -4.249800e-05;
1.625900e-05 -4.434500e-05;
1.625900e-05 -4.434500e-05;
4.033900e-05 1.005000e-04;
4.033900e-05 1.005000e-04;
4.371700e-05 1.041000e-04;
4.371700e-05 1.041000e-04;
4.462600e-05 1.054700e-04;
4.462600e-05 1.054700e-04;
9.391900e-05 -3.691700e-05;
9.391900e-05 -3.691700e-05;
8.952500e-05 -7.501200e-05;
8.952500e-05 -7.501200e-05;
4.448500e-05 1.064900e-04;
4.448500e-05 1.064900e-04;
4.508900e-05 1.068400e-04;
4.508900e-05 1.068400e-04;
1.011600e-04 -4.140300e-05;
1.011600e-04 -4.140300e-05;
9.541100e-05 -3.358800e-05;
9.541100e-05 -3.358800e-05;
4.545000e-05 1.097900e-04;
4.545000e-05 1.097900e-04;
4.466800e-05 1.060100e-04;
4.466800e-05 1.060100e-04;
1.041100e-04 -4.222200e-05;
1.041100e-04 -4.222200e-05;
9.517100e-05 -4.049600e-05;
9.517100e-05 -4.049600e-05;
4.679700e-05 1.126000e-04;
4.679700e-05 1.126000e-04;
4.335900e-05 1.028500e-04;
4.335900e-05 1.028500e-04;
4.130800e-05 9.793400e-05;
4.130800e-05 9.793400e-05;
1.066900e-04 -4.347800e-05;
1.066900e-04 -4.347800e-05;
1.041600e-04 -4.285800e-05;
1.041600e-04 -4.285800e-05;
4.566600e-05 1.102600e-04;
4.566600e-05 1.102600e-04;
3.864600e-05 9.184600e-05;
3.864600e-05 9.184600e-05;
1.059600e-04 -4.310200e-05;
1.059600e-04 -4.310200e-05;
1.073200e-04 -4.455900e-05;
1.073200e-04 -4.455900e-05;
4.391200e-05 1.058600e-04;
4.391200e-05 1.058600e-04;
3.607700e-05 8.559800e-05;
3.607700e-05 8.559800e-05;
1.028100e-04 -4.182900e-05;
1.028100e-04 -4.182900e-05;
9.820000e-05 -3.997800e-05;
9.820000e-05 -3.997800e-05;
1.106100e-04 -4.571600e-05;
1.106100e-04 -4.571600e-05;
4.226900e-05 1.014000e-04;
4.226900e-05 1.014000e-04;
3.354300e-05 7.972200e-05;
3.354300e-05 7.972200e-05;
9.252200e-05 -3.765700e-05;
9.252200e-05 -3.765700e-05;
1.091400e-04 -4.510900e-05;
1.091400e-04 -4.510900e-05;
4.027900e-05 9.723700e-05;
4.027900e-05 9.723700e-05;
3.187100e-05 7.693400e-05;
3.187100e-05 7.693400e-05;
8.589700e-05 -3.491400e-05;
8.589700e-05 -3.491400e-05;
8.033800e-05 -3.279700e-05;
8.033800e-05 -3.279700e-05;
1.060500e-04 -4.378500e-05;
1.060500e-04 -4.378500e-05;
3.837400e-05 9.243000e-05;
3.837400e-05 9.243000e-05;
3.225100e-05 7.778000e-05;
3.225100e-05 7.778000e-05;
7.757600e-05 -3.212100e-05;
7.757600e-05 -3.212100e-05;
1.018500e-04 -4.198100e-05;
1.018500e-04 -4.198100e-05;
3.597900e-05 8.975900e-05;
3.597900e-05 8.975900e-05;
7.872700e-05 -3.253400e-05;
7.872700e-05 -3.253400e-05;
9.690600e-05 -4.022700e-05;
9.690600e-05 -4.022700e-05;
3.634000e-05 8.186200e-05;
3.634000e-05 8.186200e-05;
9.155400e-05 -3.779200e-05;
9.155400e-05 -3.779200e-05;
2.449100e-05 9.112200e-05;
2.449100e-05 9.112200e-05;
8.859600e-05 -3.784700e-05;
8.859600e-05 -3.784700e-05;
-9.042100e-05 1.916800e-04;
1.850300e-04 1.625100e-04;
1.850300e-04 1.625100e-04;
8.128000e-05 -3.142300e-05;
8.128000e-05 -3.142300e-05;
-9.042100e-05 1.916800e-04;
-9.042100e-05 1.916800e-04;
-7.068500e-05 2.022900e-04;
2.041800e-04 7.391900e-05;
2.041800e-04 7.391900e-05;
7.995900e-05 -4.627700e-05;
7.995900e-05 -4.627700e-05;
-7.736800e-05 1.967200e-04;
-7.736800e-05 1.967200e-04;
-7.068500e-05 2.022900e-04;
-7.068500e-05 2.022900e-04;
2.005400e-04 8.708500e-05;
2.005400e-04 8.708500e-05;
2.421900e-04 1.626200e-05;
2.421900e-04 1.626200e-05;
-8.568000e-05 2.095400e-04;
-8.568000e-05 2.095400e-04;
-8.616800e-05 2.128400e-04;
-8.616800e-05 2.128400e-04;
-8.514800e-05 1.987800e-04;
-8.514800e-05 1.987800e-04;
2.164500e-04 9.072700e-05;
2.164500e-04 9.072700e-05;
1.911300e-04 9.202400e-05;
1.911300e-04 9.202400e-05;
-8.792300e-05 2.159600e-04;
-8.792300e-05 2.159600e-04;
-8.719800e-05 2.125200e-04;
-8.719800e-05 2.125200e-04;
2.192300e-04 9.267500e-05;
2.192300e-04 9.267500e-05;
1.989200e-04 7.988700e-05;
1.989200e-04 7.988700e-05;
-8.758100e-05 2.150300e-04;
-8.758100e-05 2.150300e-04;
-9.066900e-05 2.185200e-04;
-9.066900e-05 2.185200e-04;
2.222500e-04 9.370500e-05;
2.222500e-04 9.370500e-05;
2.120200e-04 8.846300e-05;
2.120200e-04 8.846300e-05;
-8.483200e-05 2.086000e-04;
-8.483200e-05 2.086000e-04;
-8.030800e-05 1.975600e-04;
-8.030800e-05 1.975600e-04;
-9.217200e-05 2.232400e-04;
-9.217200e-05 2.232400e-04;
2.182000e-04 9.202300e-05;
2.182000e-04 9.202300e-05;
2.167600e-04 8.954400e-05;
2.167600e-04 8.954400e-05;
-7.546400e-05 1.849400e-04;
-7.546400e-05 1.849400e-04;
-9.055800e-05 2.189200e-04;
-9.055800e-05 2.189200e-04;
2.111900e-04 8.903300e-05;
2.111900e-04 8.903300e-05;
2.000000e-04 8.435300e-05;
2.000000e-04 8.435300e-05;
2.207400e-04 9.174000e-05;
2.207400e-04 9.174000e-05;
-7.045000e-05 1.728300e-04;
-7.045000e-05 1.728300e-04;
-8.745200e-05 2.115100e-04;
-8.745200e-05 2.115100e-04;
-6.531200e-05 1.604000e-04;
-6.531200e-05 1.604000e-04;
1.880100e-04 7.903300e-05;
1.880100e-04 7.903300e-05;
2.171900e-04 9.010500e-05;
2.171900e-04 9.010500e-05;
-8.359200e-05 2.029400e-04;
-8.359200e-05 2.029400e-04;
-6.398300e-05 1.539400e-04;
-6.398300e-05 1.539400e-04;
1.748100e-04 7.375400e-05;
1.748100e-04 7.375400e-05;
1.622500e-04 6.817200e-05;
1.622500e-04 6.817200e-05;
2.096800e-04 8.708900e-05;
2.096800e-04 8.708900e-05;
-8.054300e-05 1.944800e-04;
-8.054300e-05 1.944800e-04;
-6.503000e-05 1.569700e-04;
-6.503000e-05 1.569700e-04;
1.573900e-04 6.507700e-05;
1.573900e-04 6.507700e-05;
2.016300e-04 8.392300e-05;
2.016300e-04 8.392300e-05;
-7.650400e-05 1.852900e-04;
-7.650400e-05 1.852900e-04;
1.597000e-04 6.615600e-05;
1.597000e-04 6.615600e-05;
1.919400e-04 7.934000e-05;
1.919400e-04 7.934000e-05;
-7.637600e-05 1.780000e-04;
-7.637600e-05 1.780000e-04;
1.820100e-04 7.559400e-05;
1.820100e-04 7.559400e-05;
-6.372700e-05 1.647400e-04;
-6.372700e-05 1.647400e-04;
1.765900e-04 7.067400e-05;
1.765900e-04 7.067400e-05;
-9.418500e-05 1.624000e-04;
-9.418500e-05 1.624000e-04;
1.574600e-04 6.966700e-05;
1.574600e-04 6.966700e-05;
3.563300e-05 4.982100e-04;
3.563300e-05 4.982100e-04;
1.720600e-04 4.494700e-05;
1.720600e-04 4.494700e-05;
1.917400e-04 4.040000e-04;
1.917400e-04 4.040000e-04;
3.153200e-04 3.594500e-04;
3.153200e-04 3.594500e-04;
1.665800e-04 4.160400e-04;
1.665800e-04 4.160400e-04;
1.385800e-04 3.948100e-04;
1.385800e-04 3.948100e-04;
1.107300e-03 -8.845800e-05;
1.107300e-03 -8.845800e-05;
1.784300e-03 -1.361100e-17;
7.500000e-04 0;
1.788400e-04 4.310600e-04;
1.788400e-04 4.310600e-04;
1.660100e-04 3.878300e-04;
1.660100e-04 3.878300e-04;
1.044100e-03 2.464700e-05;
1.044100e-03 2.464700e-05;
1.741900e-04 4.240200e-04;
1.741900e-04 4.240200e-04;
1.742500e-04 4.235900e-04;
1.742500e-04 4.235900e-04;
1.014700e-03 -5.735500e-06;
1.014700e-03 -5.735500e-06;
1.126200e-03 8.957800e-05;
1.792400e-03 -2.658200e-17;
1.126200e-03 8.957800e-05;
7.500000e-04 0;
1.727800e-04 4.192900e-04;
1.727800e-04 4.192900e-04;
1.658700e-04 4.027300e-04;
1.658700e-04 4.027300e-04;
1.814500e-04 4.369900e-04;
1.814500e-04 4.369900e-04;
9.525300e-04 1.399800e-06;
9.525300e-04 1.399800e-06;
8.940500e-04 2.307700e-07;
8.940500e-04 2.307700e-07;
1.037000e-03 -2.548500e-05;
1.037000e-03 -2.548500e-05;
1.590000e-04 3.852000e-04;
1.590000e-04 3.852000e-04;
1.833900e-04 4.442500e-04;
1.833900e-04 4.442500e-04;
8.349400e-04 9.229100e-07;
8.349400e-04 9.229100e-07;
1.021100e-03 5.024300e-06;
1.021100e-03 5.024300e-06;
1.530700e-04 3.693200e-04;
1.530700e-04 3.693200e-04;
1.806100e-04 4.353100e-04;
1.806100e-04 4.353100e-04;
7.835900e-04 3.712000e-07;
7.835900e-04 3.712000e-07;
9.525300e-04 -8.842300e-09;
9.525300e-04 -8.842300e-09;
1.434700e-04 3.480500e-04;
1.434700e-04 3.480500e-04;
1.315900e-04 3.214000e-04;
1.315900e-04 3.214000e-04;
1.728900e-04 4.172100e-04;
1.728900e-04 4.172100e-04;
7.290100e-04 -8.273200e-07;
7.290100e-04 -8.273200e-07;
8.853300e-04 -3.987800e-07;
8.853300e-04 -3.987800e-07;
1.189500e-04 2.897200e-04;
1.189500e-04 2.897200e-04;
1.080400e-04 2.707400e-04;
1.080400e-04 2.707400e-04;
1.658700e-04 4.022600e-04;
1.658700e-04 4.022600e-04;
6.753900e-04 1.173000e-06;
6.753900e-04 1.173000e-06;
6.448700e-04 -1.382100e-08;
6.448700e-04 -1.382100e-08;
8.362600e-04 -2.060900e-06;
8.362600e-04 -2.060900e-06;
5.876500e-04 -1.865300e-06;
5.876500e-04 -1.865300e-06;
8.393300e-05 2.148200e-04;
8.393300e-05 2.148200e-04;
1.602100e-04 3.864300e-04;
1.602100e-04 3.864300e-04;
7.695600e-04 3.330800e-07;
7.695600e-04 3.330800e-07;
1.521300e-04 3.706900e-04;
1.521300e-04 3.706900e-04;
7.089300e-04 2.173300e-07;
7.089300e-04 2.173300e-07;
1.544000e-04 3.804300e-04;
1.544000e-04 3.804300e-04;
6.579500e-04 -5.760200e-07;
6.579500e-04 -5.760200e-07;
1.542300e-04 3.792400e-04;
1.542300e-04 3.792400e-04;
6.227200e-04 1.656500e-07;
6.227200e-04 1.656500e-07;
1.680400e-04 3.919600e-04;
1.680400e-04 3.919600e-04;
5.684700e-04 1.793800e-06;
5.684700e-04 1.793800e-06;
1.149700e-04 -3.621900e-07;
1.149700e-04 -3.621900e-07;
1.668500e-04 -3.904200e-04;
1.668500e-04 -3.904200e-04;
1.533000e-04 -3.748100e-04;
1.533000e-04 -3.748100e-04;
8.693000e-05 -2.221200e-04;
8.693000e-05 -2.221200e-04;
1.546500e-04 -3.819000e-04;
1.546500e-04 -3.819000e-04;
1.124900e-04 -2.808900e-04;
1.124900e-04 -2.808900e-04;
1.540300e-04 -3.758800e-04;
1.540300e-04 -3.758800e-04;
1.240400e-04 -3.034300e-04;
1.240400e-04 -3.034300e-04;
1.635800e-04 -3.944700e-04;
1.635800e-04 -3.944700e-04;
1.396100e-04 -3.403700e-04;
1.396100e-04 -3.403700e-04;
1.708600e-04 -4.132900e-04;
1.708600e-04 -4.132900e-04;
1.527000e-04 -3.692400e-04;
1.527000e-04 -3.692400e-04;
1.767400e-04 -4.276400e-04;
1.767400e-04 -4.276400e-04;
1.631900e-04 -3.947200e-04;
1.631900e-04 -3.947200e-04;
1.802500e-04 -4.354100e-04;
1.802500e-04 -4.354100e-04;
1.711900e-04 -4.154600e-04;
1.711900e-04 -4.154600e-04;
1.785800e-04 -4.321600e-04;
1.785800e-04 -4.321600e-04;
1.779200e-04 -4.318500e-04;
1.779200e-04 -4.318500e-04;
1.721000e-04 -4.143900e-04;
1.721000e-04 -4.143900e-04;
1.655900e-04 -4.026000e-04;
1.655900e-04 -4.026000e-04;
1.794600e-04 -4.342300e-04;
1.794600e-04 -4.342300e-04;
1.597600e-04 -3.726700e-04;
1.597600e-04 -3.726700e-04;
1.736600e-04 -4.230100e-04;
1.736600e-04 -4.230100e-04;
1.348500e-04 -3.864600e-04;
1.348500e-04 -3.864600e-04;
1.707000e-04 -4.108500e-04;
1.707000e-04 -4.108500e-04;
1.519600e-04 -3.825800e-04;
1.519600e-04 -3.825800e-04;
1.772700e-04 -3.679100e-04;
1.772700e-04 -3.679100e-04;
1.772700e-04 -3.679100e-04;
