1.309000e-04 4.267600e-05;
1.300400e-04 4.275600e-05;
9.916800e-05 2.522600e-05;
9.685900e-05 3.866500e-05;
6.372100e-05 -1.255900e-04;
4.854000e-05 -8.105900e-05;
5.738900e-05 -1.133400e-04;
5.807100e-05 -1.155400e-04;
3.780900e-05 -8.925700e-05;
1.332400e-05 -2.620200e-05;
7.736900e-05 -8.490000e-06;
1.332400e-05 -2.620200e-05;
2.819200e-05 9.174700e-06;
2.819200e-05 9.174700e-06;
2.147500e-05 5.079400e-05;
2.147500e-05 5.079400e-05;
1.123600e-04 1.031300e-04;
5.191900e-05 -2.105600e-05;
5.191900e-05 -2.105600e-05;
-4.168000e-05 1.027500e-04;
-4.168000e-05 1.027500e-04;
1.283000e-05 3.062100e-04;
1.043500e-04 4.411900e-05;
1.043500e-04 4.411900e-05;
1.991600e-03 1.793600e-17;
1.428900e-03 -1.263600e-17;
1.911300e-03 3.042500e-05;
1.897600e-03 -3.646000e-05;
3.997200e-04 5.796800e-06;
3.997200e-04 5.796800e-06;
1.203700e-03 5.104200e-04;
8.007300e-05 1.727300e-04;
8.007300e-05 1.727300e-04;
3.847600e-04 -5.145700e-06;
7.930000e-05 -1.714000e-04;
3.847600e-04 -5.145700e-06;
7.930000e-05 -1.714000e-04;
7.930000e-05 -1.714000e-04;
8.933800e-05 3.019600e-05;
1.296300e-04 4.272800e-05;
8.996300e-05 2.974900e-05;
8.891600e-05 2.822800e-05;
1.291700e-04 4.231300e-05;
8.663800e-05 2.761800e-05;
9.142600e-05 3.012500e-05;
3.704800e-05 -7.627500e-05;
1.219700e-04 4.037800e-05;
1.229800e-04 4.009100e-05;
8.203100e-05 2.679400e-05;
8.628300e-05 2.860200e-05;
5.604200e-05 -1.115100e-04;
3.942100e-05 -7.637100e-05;
3.754200e-05 -7.394200e-05;
6.371200e-05 -1.253800e-04;
4.034600e-05 -7.714000e-05;
1.298300e-04 4.305100e-05;
1.230400e-04 4.000700e-05;
7.700600e-05 2.494700e-05;
8.174500e-05 2.730500e-05;
5.844800e-05 -1.157800e-04;
3.651200e-05 -7.158300e-05;
6.044800e-05 -1.195800e-04;
4.034800e-05 -8.062900e-05;
1.282000e-04 4.178700e-05;
1.220200e-04 3.998200e-05;
7.216300e-05 2.328800e-05;
1.123800e-04 3.663800e-05;
6.804900e-05 2.218300e-05;
7.779900e-05 2.573600e-05;
5.754800e-05 -1.132100e-04;
3.464800e-05 -6.791600e-05;
6.002700e-05 -1.192100e-04;
3.914000e-05 -7.852600e-05;
1.299300e-04 4.239300e-05;
1.076300e-04 3.490700e-05;
6.359700e-05 2.059000e-05;
1.315300e-04 4.347400e-05;
7.487100e-05 2.479400e-05;
5.702800e-05 -1.121000e-04;
3.299500e-05 -6.445300e-05;
5.348300e-05 -1.050200e-04;
3.082800e-05 -6.058800e-05;
6.077300e-05 -1.202900e-04;
3.812300e-05 -7.568300e-05;
1.180400e-04 3.880800e-05;
1.090300e-04 3.577700e-05;
5.979200e-05 1.949000e-05;
1.340500e-04 4.440600e-05;
1.080900e-04 3.612900e-05;
5.735700e-05 1.891300e-05;
7.139100e-05 2.388600e-05;
5.236700e-05 -1.036500e-04;
2.908100e-05 -5.682100e-05;
6.184300e-05 -1.237400e-04;
6.242400e-05 -1.229700e-04;
3.669200e-05 -7.260500e-05;
1.137300e-04 3.788700e-05;
1.336400e-04 4.473900e-05;
1.318700e-04 4.517600e-05;
9.841300e-05 3.417300e-05;
5.677600e-05 1.947500e-05;
6.693900e-05 2.240300e-05;
5.047000e-05 -9.920100e-05;
2.716000e-05 -5.327800e-05;
4.675700e-05 -9.329500e-05;
2.599600e-05 -5.178800e-05;
6.352600e-05 -1.256700e-04;
5.583900e-05 -1.111900e-04;
3.459400e-05 -6.943700e-05;
1.167100e-04 3.983300e-05;
1.307400e-04 4.652200e-05;
1.287600e-04 4.602600e-05;
9.938200e-05 3.452900e-05;
5.780800e-05 1.863100e-05;
6.398100e-05 2.201200e-05;
4.311300e-05 -8.839000e-05;
2.586400e-05 -5.235000e-05;
5.722700e-05 -1.184200e-04;
6.334300e-05 -1.273300e-04;
5.392000e-05 -1.075800e-04;
3.255200e-05 -6.533900e-05;
1.055800e-04 3.731100e-05;
2.755100e-05 -5.365000e-05;
1.314100e-04 4.507400e-05;
1.270500e-04 3.933000e-05;
9.104700e-05 2.475000e-05;
5.906800e-05 2.043800e-05;
4.349900e-05 -8.939400e-05;
4.314600e-05 -7.942900e-05;
5.719700e-05 -1.197600e-04;
6.103800e-05 -1.262800e-04;
5.172700e-05 -1.057300e-04;
3.099600e-05 -6.208000e-05;
1.053500e-04 3.446100e-05;
7.736900e-05 -8.490000e-06;
6.380400e-05 -5.739100e-05;
1.410600e-04 2.676500e-05;
1.281700e-04 9.700200e-06;
9.964100e-05 2.377900e-04;
7.024000e-05 2.083200e-05;
6.215200e-05 -1.177400e-04;
6.918100e-05 -9.953000e-05;
6.144900e-05 -1.237900e-04;
4.751800e-05 -9.901400e-05;
2.950500e-05 -6.035500e-05;
1.335200e-04 1.477100e-05;
1.212300e-04 -4.144400e-05;
9.840000e-05 -8.815400e-05;
1.741600e-04 -3.026800e-05;
9.588100e-05 2.067500e-04;
5.399100e-05 1.318300e-04;
7.916100e-05 2.163300e-04;
1.042600e-04 2.500300e-04;
1.381700e-04 -1.812600e-05;
8.308500e-05 -1.197800e-04;
5.495000e-05 -1.004800e-04;
2.757500e-05 -5.666400e-05;
1.982100e-04 -4.472200e-05;
1.486300e-04 -1.003400e-04;
2.090000e-04 -8.594900e-05;
5.623800e-05 1.323300e-04;
9.071500e-05 2.157300e-04;
5.567200e-05 1.314700e-04;
9.003700e-05 2.157200e-04;
1.052600e-04 2.488400e-04;
2.081900e-04 -7.316200e-05;
1.250700e-04 -5.243700e-05;
1.153100e-04 -1.091200e-04;
3.453300e-05 -6.410400e-05;
2.399800e-04 -9.940700e-05;
1.789100e-04 -1.077800e-04;
5.626900e-05 1.344400e-04;
9.250000e-05 2.208000e-04;
5.762600e-05 1.375100e-04;
1.017500e-04 2.461700e-04;
2.156500e-04 -8.840700e-05;
1.264600e-04 -5.112800e-05;
2.506900e-04 -1.025600e-04;
1.109600e-04 -8.494100e-05;
2.040400e-04 -9.016100e-05;
5.752200e-05 1.399900e-04;
1.004600e-04 2.380100e-04;
5.947700e-05 1.398300e-04;
9.508900e-05 2.264900e-04;
9.344800e-05 2.211100e-04;
5.884300e-05 1.405400e-04;
2.226400e-04 -9.037600e-05;
1.336600e-04 -5.459000e-05;
2.519900e-04 -1.035200e-04;
2.116800e-04 -8.703900e-05;
1.274000e-04 -5.066900e-05;
6.073300e-05 1.446000e-04;
1.035700e-04 2.463300e-04;
9.824200e-05 2.368500e-04;
5.909800e-05 1.405600e-04;
2.302100e-04 -9.497400e-05;
1.381800e-04 -5.604500e-05;
2.501400e-04 -1.013100e-04;
2.129400e-04 -8.753100e-05;
1.286400e-04 -5.335100e-05;
6.139200e-05 1.478600e-04;
1.006900e-04 2.434600e-04;
9.892300e-05 2.354800e-04;
5.744700e-05 1.366100e-04;
2.298900e-04 -9.425000e-05;
1.408600e-04 -5.756300e-05;
2.354300e-04 -9.636300e-05;
1.376100e-04 -5.649600e-05;
6.019200e-05 1.451000e-04;
1.027100e-04 2.457100e-04;
9.824000e-05 2.344900e-04;
5.530100e-05 1.308800e-04;
9.386800e-05 2.228600e-04;
5.211800e-05 1.237800e-04;
2.339000e-04 -9.533300e-05;
1.403000e-04 -5.725300e-05;
2.331200e-04 -9.700100e-05;
1.422500e-04 -5.910000e-05;
5.821300e-05 1.400100e-04;
1.050700e-04 2.495500e-04;
1.054800e-04 2.528800e-04;
8.511100e-05 2.038500e-04;
4.869900e-05 1.161400e-04;
2.300300e-04 -9.475500e-05;
1.367700e-04 -5.566900e-05;
2.420600e-04 -9.917200e-05;
1.453800e-04 -5.970300e-05;
5.628000e-05 1.352100e-04;
9.662300e-05 2.314500e-04;
1.061700e-04 2.568900e-04;
8.704400e-05 2.084800e-04;
4.566800e-05 1.088500e-04;
8.081100e-05 1.983800e-04;
4.318600e-05 1.056000e-04;
2.277300e-04 -9.294300e-05;
1.312800e-04 -5.357300e-05;
2.223600e-04 -9.017800e-05;
1.248700e-04 -5.072900e-05;
2.320300e-04 -9.433900e-05;
1.434800e-04 -5.956800e-05;
5.379900e-05 1.299200e-04;
9.213200e-05 2.222900e-04;
7.633500e-05 1.917300e-04;
4.296000e-05 1.055200e-04;
1.058600e-04 2.590000e-04;
9.563500e-05 2.433600e-04;
2.006700e-04 -8.246300e-05;
1.163700e-04 -4.745800e-05;
2.528600e-04 -1.046100e-04;
2.372900e-04 -9.799900e-05;
1.408500e-04 -5.772400e-05;
5.150100e-05 1.247300e-04;
8.883500e-05 2.206500e-04;
7.592300e-05 1.843500e-04;
4.491100e-05 1.038400e-04;
9.583700e-05 2.419800e-04;
1.013800e-04 2.566700e-04;
7.341200e-05 1.524800e-04;
1.923200e-04 -8.071600e-05;
1.095900e-04 -4.491900e-05;
1.060600e-04 -4.441600e-05;
2.038500e-04 -8.317100e-05;
2.561700e-04 -1.057800e-04;
2.176000e-04 -9.015500e-05;
1.357100e-04 -5.614400e-05;
4.838900e-05 1.207300e-04;
8.205800e-05 2.078400e-04;
1.067400e-04 -4.206200e-05;
1.068800e-04 2.330000e-04;
1.046800e-04 2.558000e-04;
1.123600e-04 1.031300e-04;
1.233800e-04 1.913000e-04;
1.796000e-04 -7.730700e-05;
1.061800e-04 -4.468500e-05;
2.383400e-04 -1.034200e-04;
2.585100e-04 -1.085200e-04;
2.141900e-04 -8.869300e-05;
1.294000e-04 -5.365800e-05;
4.653400e-05 1.136100e-04;
9.817300e-05 2.118800e-04;
1.809200e-04 -7.576700e-05;
1.629500e-04 -5.895900e-05;
1.574500e-04 -3.566000e-06;
2.100200e-04 8.078300e-05;
1.506500e-04 2.431100e-04;
2.019500e-04 1.699300e-04;
2.393500e-04 -1.042500e-04;
2.525400e-04 -1.088000e-04;
2.094000e-04 -8.932600e-05;
1.236000e-04 -5.123200e-05;
6.047900e-05 1.343700e-04;
1.618100e-04 2.177200e-04;
2.419500e-04 -9.014700e-05;
2.307300e-04 -4.970300e-05;
2.676200e-04 1.241700e-05;
2.944500e-04 1.157400e-04;
2.674900e-04 2.130100e-04;
2.504000e-04 -1.053500e-04;
1.986000e-04 -8.623500e-05;
1.190500e-04 -5.071000e-05;
-1.907500e-04 4.708300e-04;
2.274000e-04 1.803100e-04;
3.362400e-04 2.224700e-04;
2.792200e-04 -6.446900e-05;
3.375300e-04 2.915400e-05;
3.899100e-04 1.581600e-04;
2.164300e-04 -7.975800e-05;
1.104600e-04 -4.691100e-05;
-1.530000e-04 4.213800e-04;
-1.106700e-04 2.629000e-04;
-2.052000e-04 4.999100e-04;
-1.966000e-04 4.197200e-04;
4.179200e-04 2.014500e-04;
2.691800e-04 1.118600e-04;
4.708100e-04 1.918800e-04;
2.846900e-04 -2.251000e-05;
3.952300e-04 8.373900e-05;
1.354900e-04 -5.064300e-05;
-1.771100e-04 4.332200e-04;
-1.067800e-04 2.639500e-04;
-2.026900e-04 4.983800e-04;
-1.832800e-04 4.485800e-04;
-1.071100e-04 2.675000e-04;
4.416900e-04 1.862900e-04;
2.700000e-04 1.136900e-04;
4.978100e-04 2.088800e-04;
4.122600e-04 1.551300e-04;
2.845800e-04 3.242000e-05;
-1.842500e-04 4.496300e-04;
-1.136500e-04 2.762100e-04;
-1.984900e-04 4.767100e-04;
-1.114800e-04 2.686800e-04;
4.637800e-04 1.922600e-04;
2.833600e-04 1.195600e-04;
4.971500e-04 2.094000e-04;
4.279500e-04 1.788700e-04;
2.623800e-04 1.131000e-04;
-1.985600e-04 4.903800e-04;
-1.129100e-04 2.822100e-04;
-1.795500e-04 4.406100e-04;
-1.165800e-04 2.840500e-04;
-1.879700e-04 4.570800e-04;
-1.157500e-04 2.789600e-04;
4.601800e-04 1.927300e-04;
2.889600e-04 1.217100e-04;
4.702400e-04 1.958200e-04;
2.669100e-04 1.108400e-04;
-1.937600e-04 4.689900e-04;
-1.161500e-04 2.838000e-04;
-2.045700e-04 5.028300e-04;
-1.178300e-04 2.889100e-04;
4.608100e-04 1.927300e-04;
2.923300e-04 1.233400e-04;
4.680500e-04 1.944100e-04;
2.794500e-04 1.158100e-04;
-1.946800e-04 4.761500e-04;
-1.126500e-04 2.768100e-04;
-1.998700e-04 4.844400e-04;
-1.215800e-04 2.929600e-04;
4.589600e-04 1.935900e-04;
2.877300e-04 1.201900e-04;
4.656900e-04 1.950500e-04;
2.862400e-04 1.181400e-04;
-1.908900e-04 4.666000e-04;
-1.070800e-04 2.642400e-04;
-1.775700e-04 4.358600e-04;
-1.018900e-04 2.494000e-04;
-2.005600e-04 4.882700e-04;
-1.190700e-04 2.888000e-04;
4.809600e-04 2.019900e-04;
2.792800e-04 1.181800e-04;
4.675700e-04 1.937700e-04;
2.898000e-04 1.209900e-04;
-1.678700e-04 4.081300e-04;
-9.563400e-05 2.334300e-04;
-2.083500e-04 5.058900e-04;
-2.055600e-04 5.036600e-04;
-1.154600e-04 2.802900e-04;
4.609800e-04 1.922200e-04;
2.675600e-04 1.127200e-04;
4.484800e-04 1.905500e-04;
2.521100e-04 1.058300e-04;
4.655500e-04 1.967000e-04;
2.866700e-04 1.188200e-04;
-1.688600e-04 4.085700e-04;
-8.930600e-05 2.192400e-04;
-1.507300e-04 3.586900e-04;
-8.899800e-05 2.104500e-04;
-2.132900e-04 5.132700e-04;
-1.898500e-04 4.628100e-04;
-1.116600e-04 2.701800e-04;
4.278700e-04 1.785900e-04;
2.370800e-04 9.993800e-05;
5.050600e-04 2.083800e-04;
4.780800e-04 1.991600e-04;
2.774600e-04 1.161400e-04;
-1.612000e-04 3.742700e-04;
-8.873300e-05 2.108500e-04;
-2.071700e-04 4.711400e-04;
-2.179600e-04 5.186300e-04;
-1.786100e-04 4.319400e-04;
-1.078600e-04 2.599300e-04;
4.084400e-04 1.713000e-04;
2.212800e-04 9.266000e-05;
3.866700e-04 1.579900e-04;
2.154100e-04 8.798700e-05;
5.122000e-04 2.143700e-04;
4.419900e-04 1.828100e-04;
2.693600e-04 1.118100e-04;
-1.490800e-04 3.548100e-04;
-8.393300e-05 2.113100e-04;
-1.088400e-04 3.182800e-04;
-2.095100e-04 4.784300e-04;
-2.212600e-04 5.064900e-04;
-1.776700e-04 4.190200e-04;
-1.036800e-04 2.496500e-04;
2.125100e-04 9.221800e-05;
3.660800e-04 1.447700e-04;
2.156300e-04 8.750900e-05;
4.857200e-04 1.912100e-04;
5.197600e-04 2.114100e-04;
4.393700e-04 1.823500e-04;
2.563500e-04 1.061900e-04;
1.283000e-05 3.062100e-04;
-1.794700e-04 4.838500e-04;
-9.904700e-05 4.587300e-04;
-2.109900e-04 5.028200e-04;
-1.739400e-04 3.950700e-04;
-1.027300e-04 2.394800e-04;
3.753000e-04 1.538600e-04;
3.180800e-04 1.531400e-04;
2.271700e-04 2.207600e-04;
1.840100e-04 4.160300e-04;
4.942300e-04 1.927300e-04;
5.113100e-04 2.018900e-04;
4.296700e-04 1.719800e-04;
2.463400e-04 1.017000e-04;
4.301200e-05 5.291300e-04;
-1.317300e-04 5.554600e-04;
-1.611700e-04 4.332300e-04;
-9.478200e-05 2.245900e-04;
4.699600e-04 2.149600e-04;
3.985600e-04 2.562300e-04;
3.615700e-04 3.995100e-04;
2.521700e-04 5.822600e-04;
5.029200e-04 2.042700e-04;
4.196100e-04 1.638500e-04;
2.376700e-04 9.545300e-05;
7.434800e-05 6.801900e-04;
-7.490300e-05 5.393700e-04;
-1.044000e-04 2.775600e-04;
3.282200e-04 7.740800e-04;
4.864200e-04 3.008700e-04;
4.360900e-04 5.213100e-04;
4.152800e-04 1.911100e-04;
2.206000e-04 8.916300e-05;
1.613900e-04 7.896100e-04;
7.168500e-05 5.826800e-04;
3.960900e-04 9.370100e-04;
4.405400e-04 6.750200e-04;
4.285500e-04 3.544600e-04;
2.577700e-04 1.160900e-04;
3.190000e-04 8.878900e-04;
2.307100e-04 5.500400e-04;
4.104900e-04 9.972400e-04;
3.634100e-04 8.015000e-04;
3.536000e-04 4.434900e-04;
3.709000e-04 8.851400e-04;
2.285000e-04 5.548200e-04;
4.133500e-04 9.883400e-04;
3.498300e-04 8.441600e-04;
2.094900e-04 5.236600e-04;
1.408300e-03 -7.540000e-05;
3.785500e-04 9.182800e-04;
2.342100e-04 5.682200e-04;
3.745200e-04 9.045900e-04;
2.190500e-04 5.258100e-04;
1.425700e-03 7.661400e-05;
2.199800e-03 4.783900e-06;
1.374200e-03 1.083900e-05;
3.790700e-04 9.201800e-04;
2.313300e-04 5.615200e-04;
3.916000e-04 9.468700e-04;
2.286300e-04 5.564200e-04;
1.364000e-03 -1.185200e-05;
2.071600e-03 -3.624200e-06;
1.311400e-03 -5.011100e-06;
2.018200e-03 -1.621400e-05;
3.846800e-04 9.379300e-04;
2.285000e-04 5.543400e-04;
3.806100e-04 9.275100e-04;
2.396800e-04 5.751400e-04;
1.951800e-03 8.847300e-07;
1.250600e-03 5.807700e-06;
1.321100e-03 -3.440500e-06;
2.123600e-03 5.576600e-06;
3.831500e-04 9.367500e-04;
2.190100e-04 5.344700e-04;
3.636800e-04 8.748200e-04;
2.140600e-04 5.145900e-04;
3.819300e-04 9.264600e-04;
2.406700e-04 5.836800e-04;
2.089700e-03 6.670500e-06;
1.185600e-03 -3.656900e-06;
1.884500e-03 5.789900e-07;
1.117600e-03 4.344200e-07;
1.252100e-03 7.793100e-06;
1.945800e-03 5.323200e-06;
3.897500e-04 9.300800e-04;
2.058700e-04 4.970800e-04;
3.980900e-04 9.572000e-04;
2.371200e-04 5.739300e-04;
1.726000e-03 3.287000e-06;
1.051500e-03 2.054400e-06;
2.148200e-03 2.987000e-06;
2.098300e-03 -1.151200e-05;
1.172600e-03 -7.011500e-06;
3.536800e-04 8.610200e-04;
1.933300e-04 4.695900e-04;
4.096700e-04 9.944100e-04;
3.723500e-04 8.953400e-04;
2.300200e-04 5.525400e-04;
1.759800e-03 -1.144700e-07;
9.873800e-04 -1.798700e-06;
2.161500e-03 5.088100e-06;
1.784700e-03 -6.302100e-06;
1.120100e-03 2.835000e-06;
3.434800e-04 8.391800e-04;
1.783000e-04 4.374400e-04;
3.205800e-04 7.993800e-04;
1.632500e-04 4.011600e-04;
4.117900e-04 1.006900e-03;
3.479600e-04 8.449200e-04;
2.209300e-04 5.355800e-04;
1.687200e-03 -5.028100e-06;
9.239800e-04 1.663300e-06;
2.185600e-03 -3.962400e-06;
1.744800e-03 6.374600e-06;
1.037500e-03 4.439600e-07;
2.934200e-04 7.444900e-04;
1.465700e-04 3.734600e-04;
2.566800e-04 6.680400e-04;
1.268800e-04 3.298700e-04;
3.896700e-04 9.899400e-04;
4.045100e-04 1.005800e-03;
3.468600e-04 8.478200e-04;
2.134900e-04 5.156700e-04;
1.575600e-03 5.586700e-06;
8.782500e-04 -5.014300e-08;
2.037900e-03 3.230300e-06;
1.516100e-03 -3.579000e-06;
8.199700e-04 -3.900300e-06;
2.115800e-03 1.118100e-06;
1.657400e-03 -1.026800e-06;
9.603100e-04 9.345400e-07;
1.410000e-03 3.828700e-06;
8.279600e-04 1.758500e-05;
1.845500e-04 3.613500e-04;
1.335500e-03 9.195200e-05;
2.756100e-04 6.511000e-04;
3.654100e-04 9.512300e-04;
3.567400e-04 8.843700e-04;
3.911400e-04 1.008300e-03;
3.585700e-04 9.012600e-04;
2.034800e-04 5.012400e-04;
2.139900e-03 2.703000e-06;
2.046300e-03 4.859500e-06;
2.004500e-03 3.615300e-07;
1.526000e-03 1.308800e-06;
9.035400e-04 -3.893000e-07;
1.938500e-03 2.897200e-05;
4.899500e-04 6.717100e-04;
1.203700e-03 5.104200e-04;
1.834300e-03 1.841900e-04;
4.901100e-04 8.914600e-04;
4.227100e-04 1.020300e-03;
3.356200e-04 8.598500e-04;
2.030500e-04 5.049600e-04;
2.138700e-03 3.646200e-06;
2.079600e-03 -6.239400e-06;
1.456800e-03 -1.775500e-06;
8.497100e-04 5.251400e-07;
2.102900e-03 -5.277300e-06;
9.004600e-04 7.891700e-04;
1.465800e-03 4.148600e-04;
1.844700e-03 5.479400e-06;
6.028900e-04 8.971000e-04;
3.923400e-04 8.242200e-04;
2.051400e-04 5.098400e-04;
1.923500e-03 -2.396300e-05;
1.425900e-03 3.729800e-06;
7.950800e-04 3.824200e-06;
1.853200e-03 -1.770500e-04;
9.412000e-04 5.394500e-04;
1.306700e-03 8.954300e-06;
1.505500e-03 -3.832800e-04;
5.293200e-04 4.807100e-04;
2.231600e-04 4.382900e-04;
1.399700e-03 -8.346000e-05;
7.978300e-04 -1.712500e-05;
1.317500e-03 -4.704900e-04;
6.520300e-04 -4.578700e-05;
9.662100e-04 -5.609300e-04;
9.628700e-04 -7.536700e-04;
2.430400e-04 3.232900e-06;
4.854300e-04 -6.307100e-04;
5.064300e-04 -8.346900e-04;
4.587600e-04 -6.226700e-04;
5.838500e-04 -9.348300e-04;
2.220200e-04 -4.384300e-04;
3.847800e-04 -9.018000e-04;
2.600200e-04 -5.880600e-04;
1.791800e-04 -3.603600e-04;
3.847600e-04 -8.310700e-04;
4.085800e-04 -1.018400e-03;
2.052500e-04 -5.043700e-04;
3.595200e-04 -9.359100e-04;
2.540000e-04 -6.441600e-04;
1.307200e-04 -3.384800e-04;
3.268100e-04 -8.409400e-04;
3.902200e-04 -1.005900e-03;
2.028300e-04 -5.063300e-04;
3.919100e-04 -9.963800e-04;
2.762700e-04 -7.098500e-04;
1.529600e-04 -3.869000e-04;
3.530800e-04 -8.889800e-04;
2.065700e-04 -5.077700e-04;
4.094700e-04 -1.007700e-03;
3.156300e-04 -7.857300e-04;
1.697300e-04 -4.193900e-04;
3.629300e-04 -8.866100e-04;
2.170000e-04 -5.245300e-04;
4.142500e-04 -1.009300e-03;
3.341200e-04 -8.139600e-04;
1.883500e-04 -4.593000e-04;
3.627800e-04 -8.750800e-04;
2.282400e-04 -5.492700e-04;
4.158700e-04 -9.962900e-04;
3.518700e-04 -8.465800e-04;
2.052300e-04 -4.961100e-04;
3.902000e-04 -9.445600e-04;
2.327600e-04 -5.656000e-04;
3.790200e-04 -9.190600e-04;
2.171000e-04 -5.263900e-04;
3.849300e-04 -9.332900e-04;
2.381100e-04 -5.728900e-04;
3.885900e-04 -9.473600e-04;
2.258100e-04 -5.497200e-04;
3.959900e-04 -9.603300e-04;
2.340300e-04 -5.680500e-04;
3.808000e-04 -9.226200e-04;
2.351100e-04 -5.684700e-04;
3.893000e-04 -9.442800e-04;
2.278700e-04 -5.510500e-04;
3.787300e-04 -9.141900e-04;
2.372500e-04 -5.729500e-04;
3.739400e-04 -9.101100e-04;
2.102900e-04 -5.056300e-04;
2.203600e-04 -5.316100e-04;
3.836900e-04 -9.225700e-04;
3.907600e-04 -9.512400e-04;
2.282300e-04 -5.592900e-04;
3.611500e-04 -8.712200e-04;
2.062700e-04 -5.132000e-04;
4.122700e-04 -9.891900e-04;
3.890100e-04 -9.445600e-04;
2.250000e-04 -5.433900e-04;
3.880500e-04 -8.175800e-04;
4.139700e-04 -9.956900e-04;
3.627700e-04 -8.760100e-04;
2.112100e-04 -5.148600e-04;
3.847700e-04 -9.444200e-04;
3.094200e-04 -8.385100e-04;
2.179400e-04 -5.068100e-04;
5.607600e-05 1.283000e-05;
4.422700e-05 1.557400e-05;
5.607600e-05 1.283000e-05;
4.422700e-05 1.557400e-05;
4.857200e-05 1.569100e-05;
4.857200e-05 1.569100e-05;
4.456500e-05 1.365900e-05;
4.456500e-05 1.365900e-05;
5.420800e-05 2.322000e-05;
4.453100e-05 1.435300e-05;
4.453100e-05 1.435300e-05;
4.868700e-05 1.619200e-05;
4.868700e-05 1.619200e-05;
1.793300e-05 -3.695700e-05;
1.793300e-05 -3.695700e-05;
2.722700e-05 -4.438600e-05;
2.722700e-05 -4.438600e-05;
2.067500e-05 -4.038600e-05;
2.067500e-05 -4.038600e-05;
4.229400e-05 1.370000e-05;
4.229400e-05 1.370000e-05;
4.453000e-05 1.496500e-05;
4.453000e-05 1.496500e-05;
1.915500e-05 -3.736200e-05;
1.915500e-05 -3.736200e-05;
3.908200e-05 1.260500e-05;
3.908200e-05 1.260500e-05;
3.627800e-05 1.173300e-05;
3.627800e-05 1.173300e-05;
1.983700e-05 -3.777700e-05;
2.029000e-05 -4.963800e-05;
1.983700e-05 -3.777700e-05;
2.029000e-05 -4.963800e-05;
4.229300e-05 1.407800e-05;
4.229300e-05 1.407800e-05;
1.861200e-05 -3.652100e-05;
1.861200e-05 -3.652100e-05;
3.382500e-05 1.096600e-05;
3.382500e-05 1.096600e-05;
2.139100e-05 -4.277000e-05;
2.139100e-05 -4.277000e-05;
3.937400e-05 1.313400e-05;
3.937400e-05 1.313400e-05;
1.745800e-05 -3.405400e-05;
1.745800e-05 -3.405400e-05;
1.642600e-05 -3.213600e-05;
1.642600e-05 -3.213600e-05;
3.146100e-05 1.015100e-05;
3.146100e-05 1.015100e-05;
2.003800e-05 -4.020600e-05;
2.003800e-05 -4.020600e-05;
3.782500e-05 1.247500e-05;
3.782500e-05 1.247500e-05;
1.533200e-05 -2.998600e-05;
1.533200e-05 -2.998600e-05;
2.936400e-05 9.498800e-06;
2.936400e-05 9.498800e-06;
1.957200e-05 -3.902200e-05;
1.957200e-05 -3.902200e-05;
3.581000e-05 1.199400e-05;
3.581000e-05 1.199400e-05;
1.429700e-05 -2.792700e-05;
1.429700e-05 -2.792700e-05;
1.327100e-05 -2.596100e-05;
1.327100e-05 -2.596100e-05;
2.796800e-05 9.153600e-06;
2.796800e-05 9.153600e-06;
1.843700e-05 -3.684400e-05;
1.843700e-05 -3.684400e-05;
3.316800e-05 1.107000e-05;
3.316800e-05 1.107000e-05;
1.272100e-05 -2.513100e-05;
1.272100e-05 -2.513100e-05;
2.796700e-05 9.285600e-06;
2.796700e-05 9.285600e-06;
1.749100e-05 -3.484400e-05;
1.749100e-05 -3.484400e-05;
3.186200e-05 1.094700e-05;
3.186200e-05 1.094700e-05;
1.286900e-05 -2.553100e-05;
1.286900e-05 -2.553100e-05;
1.626600e-05 -3.266200e-05;
1.626600e-05 -3.266200e-05;
2.920900e-05 9.181500e-06;
2.920900e-05 9.181500e-06;
1.537400e-05 -3.071000e-05;
1.537400e-05 -3.071000e-05;
2.413300e-05 6.631200e-05;
2.878300e-05 1.319900e-05;
2.878300e-05 1.319900e-05;
1.467800e-05 -3.009200e-05;
1.467800e-05 -3.009200e-05;
3.067500e-05 6.440800e-05;
2.413300e-05 6.631200e-05;
2.413300e-05 6.631200e-05;
7.727200e-05 -6.613100e-06;
7.727200e-05 -6.613100e-06;
1.424200e-05 -2.722700e-05;
1.424200e-05 -2.722700e-05;
3.067500e-05 6.440800e-05;
3.067500e-05 6.440800e-05;
2.818400e-05 6.492500e-05;
2.818400e-05 6.492500e-05;
6.032500e-05 -2.833600e-05;
6.032500e-05 -2.833600e-05;
1.088700e-05 -2.965900e-05;
1.088700e-05 -2.965900e-05;
2.688600e-05 6.698700e-05;
2.688600e-05 6.698700e-05;
2.914600e-05 6.940000e-05;
2.914600e-05 6.940000e-05;
2.975200e-05 7.032100e-05;
2.975200e-05 7.032100e-05;
6.260400e-05 -2.460800e-05;
6.260400e-05 -2.460800e-05;
5.971800e-05 -5.006500e-05;
5.971800e-05 -5.006500e-05;
2.966100e-05 7.099800e-05;
2.966100e-05 7.099800e-05;
3.006100e-05 7.122900e-05;
3.006100e-05 7.122900e-05;
6.744400e-05 -2.760500e-05;
6.744400e-05 -2.760500e-05;
6.360900e-05 -2.238900e-05;
6.360900e-05 -2.238900e-05;
3.029800e-05 7.319100e-05;
3.029800e-05 7.319100e-05;
2.977600e-05 7.067100e-05;
2.977600e-05 7.067100e-05;
6.940600e-05 -2.814600e-05;
6.940600e-05 -2.814600e-05;
6.343600e-05 -2.699300e-05;
6.343600e-05 -2.699300e-05;
3.119900e-05 7.506700e-05;
3.119900e-05 7.506700e-05;
2.890700e-05 6.857100e-05;
2.890700e-05 6.857100e-05;
2.753900e-05 6.528900e-05;
2.753900e-05 6.528900e-05;
7.112600e-05 -2.898600e-05;
7.112600e-05 -2.898600e-05;
6.943900e-05 -2.857200e-05;
6.943900e-05 -2.857200e-05;
3.044500e-05 7.351300e-05;
3.044500e-05 7.351300e-05;
2.576600e-05 6.123800e-05;
2.576600e-05 6.123800e-05;
7.064100e-05 -2.873600e-05;
7.064100e-05 -2.873600e-05;
7.154800e-05 -2.970600e-05;
7.154800e-05 -2.970600e-05;
2.927400e-05 7.057000e-05;
2.927400e-05 7.057000e-05;
2.405400e-05 5.706600e-05;
2.405400e-05 5.706600e-05;
6.854200e-05 -2.788500e-05;
6.854200e-05 -2.788500e-05;
6.546700e-05 -2.665400e-05;
6.546700e-05 -2.665400e-05;
7.374700e-05 -3.048000e-05;
7.374700e-05 -3.048000e-05;
2.817800e-05 6.759900e-05;
2.817800e-05 6.759900e-05;
2.235800e-05 5.313200e-05;
2.235800e-05 5.313200e-05;
6.169100e-05 -2.510800e-05;
6.169100e-05 -2.510800e-05;
7.275400e-05 -3.007100e-05;
7.275400e-05 -3.007100e-05;
2.685200e-05 6.482200e-05;
2.685200e-05 6.482200e-05;
2.123200e-05 5.122800e-05;
2.123200e-05 5.122800e-05;
5.726500e-05 -2.327500e-05;
5.726500e-05 -2.327500e-05;
5.354600e-05 -2.185600e-05;
5.354600e-05 -2.185600e-05;
7.069900e-05 -2.919000e-05;
7.069900e-05 -2.919000e-05;
2.559100e-05 6.162600e-05;
2.559100e-05 6.162600e-05;
2.145400e-05 5.170500e-05;
2.145400e-05 5.170500e-05;
5.166300e-05 -2.138000e-05;
5.166300e-05 -2.138000e-05;
6.790200e-05 -2.798800e-05;
6.790200e-05 -2.798800e-05;
2.403300e-05 5.991900e-05;
2.403300e-05 5.991900e-05;
5.234600e-05 -2.161800e-05;
5.234600e-05 -2.161800e-05;
6.460500e-05 -2.681900e-05;
6.460500e-05 -2.681900e-05;
2.433700e-05 5.476800e-05;
2.433700e-05 5.476800e-05;
6.104500e-05 -2.519300e-05;
6.104500e-05 -2.519300e-05;
1.650600e-05 6.116700e-05;
1.650600e-05 6.116700e-05;
5.915200e-05 -2.525400e-05;
5.915200e-05 -2.525400e-05;
-6.028500e-05 1.277600e-04;
1.234800e-04 1.086100e-04;
1.234800e-04 1.086100e-04;
5.440600e-05 -2.100700e-05;
5.440600e-05 -2.100700e-05;
-6.028500e-05 1.277600e-04;
-6.028500e-05 1.277600e-04;
-4.710300e-05 1.348600e-04;
1.361300e-04 4.926300e-05;
1.361300e-04 4.926300e-05;
5.372600e-05 -3.102400e-05;
5.372600e-05 -3.102400e-05;
-5.156600e-05 1.311000e-04;
-5.156600e-05 1.311000e-04;
-4.710300e-05 1.348600e-04;
-4.710300e-05 1.348600e-04;
1.336600e-04 5.804400e-05;
1.336600e-04 5.804400e-05;
1.617300e-04 1.074900e-05;
1.617300e-04 1.074900e-05;
-5.712200e-05 1.397000e-04;
-5.712200e-05 1.397000e-04;
-5.745500e-05 1.419000e-04;
-5.745500e-05 1.419000e-04;
-5.674100e-05 1.324600e-04;
-5.674100e-05 1.324600e-04;
1.443100e-04 6.048700e-05;
1.443100e-04 6.048700e-05;
1.274000e-04 6.135800e-05;
1.274000e-04 6.135800e-05;
-5.861600e-05 1.440000e-04;
-5.861600e-05 1.440000e-04;
-5.814100e-05 1.417200e-04;
-5.814100e-05 1.417200e-04;
1.461400e-04 6.177800e-05;
1.461400e-04 6.177800e-05;
1.325700e-04 5.324200e-05;
1.325700e-04 5.324200e-05;
-5.838000e-05 1.433300e-04;
-5.838000e-05 1.433300e-04;
-6.044900e-05 1.456700e-04;
-6.044900e-05 1.456700e-04;
1.481900e-04 6.247300e-05;
1.481900e-04 6.247300e-05;
1.413700e-04 5.898900e-05;
1.413700e-04 5.898900e-05;
-5.656000e-05 1.390800e-04;
-5.656000e-05 1.390800e-04;
-5.354400e-05 1.317100e-04;
-5.354400e-05 1.317100e-04;
-6.144000e-05 1.488200e-04;
-6.144000e-05 1.488200e-04;
1.454800e-04 6.135800e-05;
1.454800e-04 6.135800e-05;
1.445100e-04 5.969300e-05;
1.445100e-04 5.969300e-05;
-5.032400e-05 1.233300e-04;
-5.032400e-05 1.233300e-04;
-6.037800e-05 1.459600e-04;
-6.037800e-05 1.459600e-04;
1.407900e-04 5.935000e-05;
1.407900e-04 5.935000e-05;
1.333500e-04 5.623800e-05;
1.333500e-04 5.623800e-05;
1.471600e-04 6.116000e-05;
1.471600e-04 6.116000e-05;
-4.695500e-05 1.152200e-04;
-4.695500e-05 1.152200e-04;
-5.830000e-05 1.410000e-04;
-5.830000e-05 1.410000e-04;
-4.350600e-05 1.068700e-04;
-4.350600e-05 1.068700e-04;
1.253700e-04 5.270100e-05;
1.253700e-04 5.270100e-05;
1.448000e-04 6.007200e-05;
1.448000e-04 6.007200e-05;
-5.572000e-05 1.352800e-04;
-5.572000e-05 1.352800e-04;
-4.251900e-05 1.024100e-04;
-4.251900e-05 1.024100e-04;
1.165400e-04 4.917400e-05;
1.165400e-04 4.917400e-05;
1.081000e-04 4.543700e-05;
1.081000e-04 4.543700e-05;
1.397700e-04 5.805000e-05;
1.397700e-04 5.805000e-05;
-5.369400e-05 1.296500e-04;
-5.369400e-05 1.296500e-04;
-4.305400e-05 1.040700e-04;
-4.305400e-05 1.040700e-04;
1.046500e-04 4.331900e-05;
1.046500e-04 4.331900e-05;
1.344200e-04 5.595200e-05;
1.344200e-04 5.595200e-05;
-5.099500e-05 1.235700e-04;
-5.099500e-05 1.235700e-04;
1.058400e-04 4.390400e-05;
1.058400e-04 4.390400e-05;
1.279600e-04 5.289000e-05;
1.279600e-04 5.289000e-05;
-5.101100e-05 1.190300e-04;
-5.101100e-05 1.190300e-04;
1.213600e-04 5.042700e-05;
1.213600e-04 5.042700e-05;
-4.272900e-05 1.107200e-04;
-4.272900e-05 1.107200e-04;
1.180500e-04 4.731000e-05;
1.180500e-04 4.731000e-05;
-6.348300e-05 1.100000e-04;
-6.348300e-05 1.100000e-04;
1.057700e-04 4.689700e-05;
1.057700e-04 4.689700e-05;
2.333800e-05 3.332500e-04;
2.333800e-05 3.332500e-04;
1.163400e-04 3.064900e-05;
1.163400e-04 3.064900e-05;
1.278600e-04 2.692200e-04;
1.278600e-04 2.692200e-04;
2.111900e-04 2.400900e-04;
2.111900e-04 2.400900e-04;
1.109700e-04 2.771300e-04;
1.109700e-04 2.771300e-04;
9.229300e-05 2.631400e-04;
9.229300e-05 2.631400e-04;
7.361800e-04 -5.913700e-05;
7.361800e-04 -5.913700e-05;
1.189500e-03 -9.074000e-18;
5.000000e-04 0;
1.192800e-04 2.874500e-04;
1.192800e-04 2.874500e-04;
1.106000e-04 2.584300e-04;
1.106000e-04 2.584300e-04;
6.952400e-04 1.672000e-05;
6.952400e-04 1.672000e-05;
1.161100e-04 2.826800e-04;
1.161100e-04 2.826800e-04;
1.162000e-04 2.824600e-04;
1.162000e-04 2.824600e-04;
6.766200e-04 -3.831000e-06;
6.766200e-04 -3.831000e-06;
7.486400e-04 5.986700e-05;
1.195000e-03 -1.772200e-17;
7.486400e-04 5.986700e-05;
5.000000e-04 0;
1.151900e-04 2.795400e-04;
1.151900e-04 2.795400e-04;
1.105800e-04 2.684700e-04;
1.105800e-04 2.684700e-04;
1.209300e-04 2.912400e-04;
1.209300e-04 2.912400e-04;
6.347800e-04 8.703100e-07;
6.347800e-04 8.703100e-07;
5.958200e-04 2.280100e-07;
5.958200e-04 2.280100e-07;
6.909500e-04 -1.735000e-05;
6.909500e-04 -1.735000e-05;
1.059700e-04 2.567500e-04;
1.059700e-04 2.567500e-04;
1.222600e-04 2.961700e-04;
1.222600e-04 2.961700e-04;
5.566600e-04 5.840400e-07;
5.566600e-04 5.840400e-07;
6.807100e-04 3.554800e-06;
6.807100e-04 3.554800e-06;
1.020200e-04 2.461300e-04;
1.020200e-04 2.461300e-04;
1.204000e-04 2.901900e-04;
1.204000e-04 2.901900e-04;
5.219300e-04 2.060500e-07;
5.219300e-04 2.060500e-07;
6.344100e-04 -1.529300e-07;
6.344100e-04 -1.529300e-07;
9.561500e-05 2.319600e-04;
9.561500e-05 2.319600e-04;
8.778000e-05 2.143000e-04;
8.778000e-05 2.143000e-04;
1.152700e-04 2.781900e-04;
1.152700e-04 2.781900e-04;
4.858000e-04 -4.843600e-07;
4.858000e-04 -4.843600e-07;
5.905100e-04 -2.278200e-07;
5.905100e-04 -2.278200e-07;
7.965100e-05 1.936800e-04;
7.965100e-05 1.936800e-04;
7.302400e-05 1.823100e-04;
7.302400e-05 1.823100e-04;
1.106000e-04 2.682000e-04;
1.106000e-04 2.682000e-04;
4.503300e-04 7.839400e-07;
4.503300e-04 7.839400e-07;
4.298200e-04 -8.478500e-08;
4.298200e-04 -8.478500e-08;
5.573400e-04 -1.389700e-06;
5.573400e-04 -1.389700e-06;
3.907400e-04 -1.312500e-06;
3.907400e-04 -1.312500e-06;
5.780600e-05 1.468400e-04;
5.780600e-05 1.468400e-04;
1.068100e-04 2.576300e-04;
1.068100e-04 2.576300e-04;
5.127800e-04 2.495500e-07;
5.127800e-04 2.495500e-07;
1.014000e-04 2.468600e-04;
1.014000e-04 2.468600e-04;
4.723800e-04 1.188400e-07;
4.723800e-04 1.188400e-07;
1.025500e-04 2.519500e-04;
1.025500e-04 2.519500e-04;
4.385700e-04 -4.114200e-07;
4.385700e-04 -4.114200e-07;
1.015200e-04 2.486100e-04;
1.015200e-04 2.486100e-04;
4.151600e-04 1.800900e-07;
4.151600e-04 1.800900e-07;
1.095100e-04 2.550400e-04;
1.095100e-04 2.550400e-04;
3.778700e-04 1.288100e-06;
3.778700e-04 1.288100e-06;
7.463200e-05 -2.140000e-07;
7.463200e-05 -2.140000e-07;
1.087400e-04 -2.540500e-04;
1.087400e-04 -2.540500e-04;
1.008800e-04 -2.456700e-04;
1.008800e-04 -2.456700e-04;
5.985000e-05 -1.517600e-04;
5.985000e-05 -1.517600e-04;
1.026900e-04 -2.528500e-04;
1.026900e-04 -2.528500e-04;
7.605500e-05 -1.892200e-04;
7.605500e-05 -1.892200e-04;
1.026500e-04 -2.502600e-04;
1.026500e-04 -2.502600e-04;
8.309700e-05 -2.028700e-04;
8.309700e-05 -2.028700e-04;
1.090900e-04 -2.630200e-04;
1.090900e-04 -2.630200e-04;
9.310400e-05 -2.268700e-04;
9.310400e-05 -2.268700e-04;
1.139300e-04 -2.756000e-04;
1.139300e-04 -2.756000e-04;
1.017400e-04 -2.460500e-04;
1.017400e-04 -2.460500e-04;
1.178300e-04 -2.851100e-04;
1.178300e-04 -2.851100e-04;
1.087800e-04 -2.631600e-04;
1.087800e-04 -2.631600e-04;
1.201400e-04 -2.902400e-04;
1.201400e-04 -2.902400e-04;
1.141300e-04 -2.769600e-04;
1.141300e-04 -2.769600e-04;
1.190600e-04 -2.880800e-04;
1.190600e-04 -2.880800e-04;
1.185900e-04 -2.878700e-04;
1.185900e-04 -2.878700e-04;
1.147400e-04 -2.762800e-04;
1.147400e-04 -2.762800e-04;
1.103900e-04 -2.684400e-04;
1.103900e-04 -2.684400e-04;
1.196700e-04 -2.895500e-04;
1.196700e-04 -2.895500e-04;
1.064300e-04 -2.482600e-04;
1.064300e-04 -2.482600e-04;
1.157600e-04 -2.819500e-04;
1.157600e-04 -2.819500e-04;
8.981400e-05 -2.576300e-04;
8.981400e-05 -2.576300e-04;
1.138300e-04 -2.739800e-04;
1.138300e-04 -2.739800e-04;
1.012500e-04 -2.548900e-04;
1.012500e-04 -2.548900e-04;
1.182000e-04 -2.451600e-04;
1.182000e-04 -2.451600e-04;
1.182000e-04 -2.451600e-04;
