3.928600e-04 1.280800e-04;
3.902800e-04 1.283300e-04;
2.973800e-04 7.578600e-05;
2.905600e-04 1.158300e-04;
1.911600e-04 -3.768000e-04;
1.455000e-04 -2.432000e-04;
1.722600e-04 -3.400200e-04;
1.741600e-04 -3.467000e-04;
1.135100e-04 -2.676800e-04;
4.024500e-05 -7.920300e-05;
2.337500e-04 -2.577800e-05;
4.024500e-05 -7.920300e-05;
8.521200e-05 2.775900e-05;
8.521200e-05 2.775900e-05;
6.547100e-05 1.551000e-04;
6.547100e-05 1.551000e-04;
3.429100e-04 3.141100e-04;
1.584300e-04 -6.435900e-05;
1.584300e-04 -6.435900e-05;
-1.299400e-04 3.193300e-04;
-1.299400e-04 3.193300e-04;
4.133700e-05 9.495600e-04;
3.244600e-04 1.367500e-04;
3.244600e-04 1.367500e-04;
5.974900e-03 5.380800e-17;
4.286700e-03 -3.790700e-17;
5.715100e-03 8.847900e-05;
5.671300e-03 -1.084500e-04;
1.204100e-03 1.631400e-05;
1.204100e-03 1.631400e-05;
3.609000e-03 1.405600e-03;
2.091000e-04 4.490400e-04;
2.091000e-04 4.490400e-04;
1.159700e-03 -1.414200e-05;
2.058800e-04 -4.437400e-04;
1.159700e-03 -1.414200e-05;
2.058800e-04 -4.437400e-04;
2.058800e-04 -4.437400e-04;
2.681000e-04 9.060500e-05;
3.888100e-04 1.281600e-04;
2.698200e-04 8.923000e-05;
2.668600e-04 8.472500e-05;
3.875000e-04 1.269500e-04;
2.599800e-04 8.282100e-05;
2.742100e-04 9.038600e-05;
1.111800e-04 -2.288800e-04;
3.658100e-04 1.211100e-04;
3.689100e-04 1.202700e-04;
2.460500e-04 8.038200e-05;
2.588600e-04 8.576700e-05;
1.680300e-04 -3.345400e-04;
1.182500e-04 -2.290200e-04;
1.126100e-04 -2.218600e-04;
1.911200e-04 -3.760900e-04;
1.210600e-04 -2.314800e-04;
3.894500e-04 1.291700e-04;
3.691200e-04 1.200400e-04;
2.310100e-04 7.485800e-05;
2.452000e-04 8.191600e-05;
1.753400e-04 -3.472800e-04;
1.095400e-04 -2.147200e-04;
1.813700e-04 -3.587000e-04;
1.209900e-04 -2.418100e-04;
3.846500e-04 1.253400e-04;
3.660100e-04 1.199500e-04;
2.165100e-04 6.984600e-05;
3.371400e-04 1.099100e-04;
2.041200e-04 6.653200e-05;
2.334000e-04 7.721100e-05;
1.726300e-04 -3.396000e-04;
1.039200e-04 -2.037300e-04;
1.801000e-04 -3.575900e-04;
1.174200e-04 -2.355800e-04;
3.897700e-04 1.271300e-04;
3.228600e-04 1.047400e-04;
1.907700e-04 6.177500e-05;
3.945200e-04 1.304300e-04;
2.246200e-04 7.438400e-05;
1.710600e-04 -3.362700e-04;
9.899400e-05 -1.933400e-04;
1.604600e-04 -3.150600e-04;
9.246000e-05 -1.817300e-04;
1.823000e-04 -3.609100e-04;
1.143700e-04 -2.270300e-04;
3.541300e-04 1.163800e-04;
3.271100e-04 1.074200e-04;
1.794100e-04 5.850900e-05;
4.020900e-04 1.332600e-04;
3.244200e-04 1.086600e-04;
1.722800e-04 5.689500e-05;
2.141800e-04 7.166600e-05;
1.570700e-04 -3.109400e-04;
8.723300e-05 -1.704600e-04;
1.854400e-04 -3.711700e-04;
1.872700e-04 -3.688800e-04;
1.100700e-04 -2.178000e-04;
3.411700e-04 1.137000e-04;
4.008700e-04 1.344100e-04;
3.955900e-04 1.360500e-04;
2.957100e-04 1.031200e-04;
1.709300e-04 5.881800e-05;
2.007200e-04 6.724400e-05;
1.513700e-04 -2.976200e-04;
8.147800e-05 -1.598700e-04;
1.402100e-04 -2.801200e-04;
7.802000e-05 -1.556200e-04;
1.905700e-04 -3.769900e-04;
1.675400e-04 -3.334800e-04;
1.037500e-04 -2.083100e-04;
3.497700e-04 1.197100e-04;
3.917100e-04 1.402200e-04;
3.864700e-04 1.390600e-04;
2.991900e-04 1.044600e-04;
1.746200e-04 5.637000e-05;
1.914100e-04 6.602500e-05;
1.292800e-04 -2.658500e-04;
7.776000e-05 -1.577400e-04;
1.713000e-04 -3.557300e-04;
1.897700e-04 -3.821200e-04;
1.616600e-04 -3.226900e-04;
9.765800e-05 -1.960000e-04;
3.157300e-04 1.121700e-04;
8.314800e-05 -1.621000e-04;
3.935100e-04 1.358800e-04;
3.818700e-04 1.188400e-04;
2.748300e-04 7.481500e-05;
1.759700e-04 6.118200e-05;
1.306600e-04 -2.694500e-04;
1.301100e-04 -2.398900e-04;
1.711700e-04 -3.601500e-04;
1.823900e-04 -3.789200e-04;
1.546800e-04 -3.170000e-04;
9.291900e-05 -1.862000e-04;
3.145100e-04 1.034400e-04;
2.337500e-04 -2.577800e-05;
1.928300e-04 -1.733000e-04;
4.227900e-04 8.021000e-05;
3.861700e-04 2.883800e-05;
2.992100e-04 7.142300e-04;
2.090200e-04 6.194200e-05;
1.864300e-04 -3.543200e-04;
2.083400e-04 -2.998200e-04;
1.833000e-04 -3.712700e-04;
1.415800e-04 -2.964300e-04;
8.816500e-05 -1.807200e-04;
3.992600e-04 4.369100e-05;
3.658000e-04 -1.252000e-04;
2.968700e-04 -2.652400e-04;
5.239300e-04 -9.195800e-05;
2.870200e-04 6.205400e-04;
1.618300e-04 3.955000e-04;
2.381500e-04 6.487100e-04;
3.126000e-04 7.499800e-04;
4.134500e-04 -5.495900e-05;
2.493400e-04 -3.594100e-04;
1.637900e-04 -3.002400e-04;
8.191600e-05 -1.690100e-04;
5.947100e-04 -1.350500e-04;
4.476900e-04 -3.014400e-04;
6.285700e-04 -2.583800e-04;
1.687600e-04 3.968700e-04;
2.722200e-04 6.471800e-04;
1.671700e-04 3.945800e-04;
2.699100e-04 6.470700e-04;
3.158000e-04 7.462600e-04;
6.242300e-04 -2.200600e-04;
3.750000e-04 -1.573400e-04;
3.459400e-04 -3.260600e-04;
1.027500e-04 -1.906500e-04;
7.206800e-04 -2.984600e-04;
5.375100e-04 -3.226300e-04;
1.689500e-04 4.035300e-04;
2.776700e-04 6.626400e-04;
1.728500e-04 4.125200e-04;
3.051900e-04 7.384400e-04;
6.468000e-04 -2.651400e-04;
3.795500e-04 -1.534000e-04;
7.520100e-04 -3.076400e-04;
3.325400e-04 -2.536800e-04;
6.122500e-04 -2.699500e-04;
1.724500e-04 4.199900e-04;
3.014100e-04 7.138200e-04;
1.784500e-04 4.193800e-04;
2.854800e-04 6.797700e-04;
2.802000e-04 6.635700e-04;
1.764600e-04 4.216900e-04;
6.679500e-04 -2.710600e-04;
4.008900e-04 -1.637400e-04;
7.556800e-04 -3.104700e-04;
6.350000e-04 -2.611500e-04;
3.821100e-04 -1.518400e-04;
1.823200e-04 4.338500e-04;
3.105500e-04 7.389100e-04;
2.946500e-04 7.105200e-04;
1.773600e-04 4.217400e-04;
6.906300e-04 -2.851100e-04;
4.145600e-04 -1.681700e-04;
7.502600e-04 -3.037700e-04;
6.388600e-04 -2.626500e-04;
3.860900e-04 -1.601700e-04;
1.841200e-04 4.435500e-04;
3.021700e-04 7.303800e-04;
2.969100e-04 7.064100e-04;
1.723000e-04 4.097500e-04;
6.896700e-04 -2.828200e-04;
4.225800e-04 -1.726600e-04;
7.063100e-04 -2.891500e-04;
4.128300e-04 -1.694900e-04;
1.805800e-04 4.352300e-04;
3.082000e-04 7.373100e-04;
2.946500e-04 7.034500e-04;
1.659400e-04 3.926100e-04;
2.816000e-04 6.685100e-04;
1.563600e-04 3.712300e-04;
7.017300e-04 -2.857800e-04;
4.207800e-04 -1.717300e-04;
6.993400e-04 -2.910500e-04;
4.267100e-04 -1.773100e-04;
1.746600e-04 4.200600e-04;
3.153000e-04 7.485900e-04;
3.161700e-04 7.585700e-04;
2.551800e-04 6.116400e-04;
1.460100e-04 3.484400e-04;
6.899800e-04 -2.844400e-04;
4.103100e-04 -1.670200e-04;
7.261300e-04 -2.973900e-04;
4.360500e-04 -1.790000e-04;
1.688600e-04 4.057300e-04;
2.898900e-04 6.943000e-04;
3.182500e-04 7.707900e-04;
2.608500e-04 6.259100e-04;
1.370300e-04 3.270000e-04;
2.419500e-04 5.968800e-04;
1.297200e-04 3.183400e-04;
6.830100e-04 -2.787300e-04;
3.938500e-04 -1.606600e-04;
6.672400e-04 -2.705000e-04;
3.744800e-04 -1.521000e-04;
6.963300e-04 -2.830100e-04;
4.305200e-04 -1.787600e-04;
1.614100e-04 3.898200e-04;
2.760300e-04 6.667500e-04;
2.284900e-04 5.790800e-04;
1.296000e-04 3.200500e-04;
3.163600e-04 7.776300e-04;
2.849800e-04 7.325200e-04;
6.019300e-04 -2.475700e-04;
3.491000e-04 -1.424700e-04;
7.582100e-04 -3.138200e-04;
7.117000e-04 -2.940700e-04;
4.226000e-04 -1.731900e-04;
1.541400e-04 3.739600e-04;
2.646400e-04 6.614000e-04;
2.284900e-04 5.593000e-04;
1.366700e-04 3.167200e-04;
2.856200e-04 7.300600e-04;
3.010100e-04 7.704400e-04;
2.230600e-04 4.644700e-04;
5.777200e-04 -2.435000e-04;
3.290700e-04 -1.350500e-04;
3.194100e-04 -1.342600e-04;
6.115900e-04 -2.498400e-04;
7.684600e-04 -3.175000e-04;
6.528000e-04 -2.702900e-04;
4.070400e-04 -1.684800e-04;
1.436900e-04 3.604900e-04;
2.423800e-04 6.210300e-04;
3.252800e-04 -1.284900e-04;
3.207400e-04 7.042200e-04;
3.102300e-04 7.679700e-04;
3.429100e-04 3.141100e-04;
3.739400e-04 5.795900e-04;
5.410700e-04 -2.347500e-04;
3.215300e-04 -1.360200e-04;
7.153300e-04 -3.131400e-04;
7.749900e-04 -3.269200e-04;
6.420800e-04 -2.663100e-04;
3.882200e-04 -1.609200e-04;
1.365900e-04 3.364300e-04;
2.902200e-04 6.307900e-04;
5.474800e-04 -2.310700e-04;
4.957500e-04 -1.801000e-04;
4.798400e-04 -1.072800e-05;
6.397600e-04 2.460900e-04;
4.525100e-04 7.299400e-04;
6.137500e-04 5.134200e-04;
7.194100e-04 -3.170200e-04;
7.555500e-04 -3.288000e-04;
6.260900e-04 -2.688100e-04;
3.704300e-04 -1.537900e-04;
1.782600e-04 3.960900e-04;
4.841400e-04 6.471900e-04;
7.294500e-04 -2.740700e-04;
6.986000e-04 -1.506200e-04;
8.103300e-04 3.966500e-05;
8.935000e-04 3.513500e-04;
8.091800e-04 6.390800e-04;
7.479400e-04 -3.187700e-04;
5.907100e-04 -2.594500e-04;
3.549100e-04 -1.519600e-04;
-5.739000e-04 1.416000e-03;
6.813800e-04 5.357300e-04;
1.012300e-03 6.653800e-04;
8.375600e-04 -1.932900e-04;
1.016200e-03 9.171700e-05;
1.177300e-03 4.781400e-04;
6.427300e-04 -2.386300e-04;
3.260700e-04 -1.398000e-04;
-4.615400e-04 1.263100e-03;
-3.324400e-04 7.882100e-04;
-6.153400e-04 1.498700e-03;
-5.870300e-04 1.260400e-03;
1.255100e-03 6.016100e-04;
8.071200e-04 3.350100e-04;
1.415700e-03 5.775400e-04;
8.491000e-04 -6.372800e-05;
1.186000e-03 2.558800e-04;
3.992100e-04 -1.490300e-04;
-5.311000e-04 1.299600e-03;
-3.204000e-04 7.929600e-04;
-6.073500e-04 1.493600e-03;
-5.500000e-04 1.345300e-03;
-3.207000e-04 8.023800e-04;
1.324400e-03 5.590300e-04;
8.104900e-04 3.412800e-04;
1.492500e-03 6.266100e-04;
1.235800e-03 4.676800e-04;
8.494900e-04 1.001100e-04;
-5.529300e-04 1.350200e-03;
-3.412800e-04 8.283900e-04;
-5.958800e-04 1.430000e-03;
-3.350200e-04 8.068400e-04;
1.392200e-03 5.762200e-04;
8.501000e-04 3.587900e-04;
1.490500e-03 6.278200e-04;
1.284300e-03 5.359600e-04;
7.867100e-04 3.396300e-04;
-5.945000e-04 1.470600e-03;
-3.381800e-04 8.466000e-04;
-5.395100e-04 1.321700e-03;
-3.500800e-04 8.519200e-04;
-5.643200e-04 1.372000e-03;
-3.472800e-04 8.364300e-04;
1.380600e-03 5.783300e-04;
8.670200e-04 3.651400e-04;
1.410900e-03 5.875300e-04;
8.015800e-04 3.326000e-04;
-5.814500e-04 1.406500e-03;
-3.485100e-04 8.516400e-04;
-6.137900e-04 1.508400e-03;
-3.531800e-04 8.672400e-04;
1.382700e-03 5.781900e-04;
8.768400e-04 3.701700e-04;
1.404400e-03 5.835200e-04;
8.379100e-04 3.473400e-04;
-5.835300e-04 1.428400e-03;
-3.377600e-04 8.301600e-04;
-5.992100e-04 1.453500e-03;
-3.650100e-04 8.787700e-04;
1.376700e-03 5.812200e-04;
8.629900e-04 3.601000e-04;
1.396800e-03 5.853800e-04;
8.587200e-04 3.543800e-04;
-5.726500e-04 1.399500e-03;
-3.210200e-04 7.927700e-04;
-5.326700e-04 1.307500e-03;
-3.053600e-04 7.477700e-04;
-6.020000e-04 1.465500e-03;
-3.571000e-04 8.663800e-04;
1.442100e-03 6.057300e-04;
8.377400e-04 3.547000e-04;
1.403200e-03 5.811900e-04;
8.694700e-04 3.630600e-04;
-5.043800e-04 1.224100e-03;
-2.873400e-04 7.001500e-04;
-6.255400e-04 1.516600e-03;
-6.163800e-04 1.511100e-03;
-3.463000e-04 8.410000e-04;
1.382700e-03 5.761000e-04;
8.026300e-04 3.383800e-04;
1.345500e-03 5.721600e-04;
7.557400e-04 3.172100e-04;
1.397300e-03 5.908600e-04;
8.599700e-04 3.564100e-04;
-5.089400e-04 1.226200e-03;
-2.691200e-04 6.594800e-04;
-4.588500e-04 1.081100e-03;
-2.712700e-04 6.364600e-04;
-6.411700e-04 1.539600e-03;
-5.692600e-04 1.388100e-03;
-3.353300e-04 8.109400e-04;
1.283800e-03 5.352700e-04;
7.113700e-04 2.995900e-04;
1.514700e-03 6.240500e-04;
1.434100e-03 5.969900e-04;
8.328100e-04 3.487600e-04;
-4.965400e-04 1.133300e-03;
-2.744100e-04 6.453700e-04;
-6.350200e-04 1.415500e-03;
-6.595100e-04 1.554000e-03;
-5.363300e-04 1.294400e-03;
-3.237100e-04 7.799500e-04;
1.226600e-03 5.128600e-04;
6.658100e-04 2.779900e-04;
1.166300e-03 4.721500e-04;
6.532600e-04 2.647000e-04;
1.537000e-03 6.429300e-04;
1.325700e-03 5.487300e-04;
8.081800e-04 3.351500e-04;
-4.627700e-04 1.085200e-03;
-2.614000e-04 6.549100e-04;
-3.383600e-04 9.836400e-04;
-6.463000e-04 1.442000e-03;
-6.745000e-04 1.511300e-03;
-5.359500e-04 1.250500e-03;
-3.114800e-04 7.471800e-04;
6.592100e-04 2.847700e-04;
1.113800e-03 4.328100e-04;
6.618700e-04 2.657300e-04;
1.466600e-03 5.660400e-04;
1.562000e-03 6.281800e-04;
1.317800e-03 5.452200e-04;
7.690800e-04 3.188000e-04;
4.133700e-05 9.495600e-04;
-5.527200e-04 1.467600e-03;
-3.022800e-04 1.402600e-03;
-6.432700e-04 1.495300e-03;
-5.250400e-04 1.166700e-03;
-3.075200e-04 7.089600e-04;
1.151300e-03 4.646700e-04;
9.837400e-04 4.709800e-04;
7.026800e-04 6.846900e-04;
5.685300e-04 1.287100e-03;
1.498500e-03 5.692400e-04;
1.535100e-03 5.926500e-04;
1.285500e-03 5.070700e-04;
7.381900e-04 3.036200e-04;
1.410000e-04 1.620000e-03;
-3.946500e-04 1.669200e-03;
-4.813900e-04 1.272900e-03;
-2.800500e-04 6.518900e-04;
1.430900e-03 6.456600e-04;
1.218000e-03 7.835200e-04;
1.098200e-03 1.227900e-03;
7.730100e-04 1.787400e-03;
1.506200e-03 5.959700e-04;
1.247900e-03 4.752000e-04;
7.057700e-04 2.801800e-04;
2.418900e-04 2.058700e-03;
-2.106500e-04 1.597600e-03;
-3.018800e-04 8.034000e-04;
9.960400e-04 2.353200e-03;
1.458300e-03 9.034900e-04;
1.305600e-03 1.587500e-03;
1.225000e-03 5.569500e-04;
6.435200e-04 2.552300e-04;
5.003900e-04 2.373100e-03;
2.280000e-04 1.731100e-03;
1.192800e-03 2.824200e-03;
1.309800e-03 2.039200e-03;
1.260300e-03 1.060100e-03;
7.450400e-04 3.363300e-04;
9.690200e-04 2.659900e-03;
6.938100e-04 1.648400e-03;
1.229700e-03 2.986600e-03;
1.081900e-03 2.407800e-03;
1.041900e-03 1.327700e-03;
1.112300e-03 2.654800e-03;
6.858600e-04 1.669300e-03;
1.237600e-03 2.957500e-03;
1.051900e-03 2.531900e-03;
6.268200e-04 1.571000e-03;
4.220300e-03 -2.187900e-04;
1.135800e-03 2.758800e-03;
7.023400e-04 1.703700e-03;
1.124400e-03 2.716100e-03;
6.597200e-04 1.579600e-03;
4.274500e-03 2.229400e-04;
6.584200e-03 1.773800e-05;
4.148200e-03 2.106900e-05;
1.137700e-03 2.761200e-03;
6.941700e-04 1.684600e-03;
1.173400e-03 2.838900e-03;
6.840000e-04 1.669100e-03;
4.116000e-03 -2.285300e-05;
6.210000e-03 -6.034000e-06;
3.940000e-03 -1.676300e-05;
6.056900e-03 -4.900900e-05;
1.152400e-03 2.811700e-03;
6.851800e-04 1.662000e-03;
1.141500e-03 2.784900e-03;
7.199300e-04 1.725900e-03;
5.859500e-03 -4.099100e-06;
3.751800e-03 2.242300e-05;
3.962200e-03 -1.772100e-05;
6.352400e-03 1.076900e-05;
1.150600e-03 2.808300e-03;
6.574400e-04 1.604700e-03;
1.095200e-03 2.631300e-03;
6.434800e-04 1.545500e-03;
1.148500e-03 2.779700e-03;
7.227300e-04 1.752300e-03;
6.255500e-03 2.615800e-05;
3.560500e-03 -1.658000e-05;
5.668100e-03 7.632300e-06;
3.358800e-03 1.650800e-06;
3.767700e-03 2.927600e-05;
5.853500e-03 2.227100e-05;
1.169300e-03 2.789900e-03;
6.179800e-04 1.492900e-03;
1.193900e-03 2.867900e-03;
7.112400e-04 1.721600e-03;
5.187800e-03 1.241400e-05;
3.162800e-03 8.983900e-06;
6.437600e-03 1.086500e-05;
6.292900e-03 -3.492900e-05;
3.517300e-03 -2.342100e-05;
1.061900e-03 2.582900e-03;
5.807100e-04 1.410300e-03;
1.224600e-03 2.978600e-03;
1.114000e-03 2.688300e-03;
6.902000e-04 1.656400e-03;
5.279600e-03 -3.608600e-06;
2.966900e-03 -9.456700e-06;
6.475200e-03 1.127700e-05;
5.350600e-03 -2.946800e-05;
3.362300e-03 1.053100e-05;
1.026500e-03 2.516400e-03;
5.321000e-04 1.311500e-03;
9.416500e-04 2.391600e-03;
4.772900e-04 1.189600e-03;
1.232400e-03 3.018800e-03;
1.042900e-03 2.536200e-03;
6.627800e-04 1.606600e-03;
5.069200e-03 -2.083700e-05;
2.771800e-03 4.991300e-06;
6.555000e-03 -1.401100e-05;
5.233300e-03 2.110600e-05;
3.118900e-03 -1.614500e-07;
8.356900e-04 2.202900e-03;
4.102500e-04 1.078200e-03;
7.007400e-04 1.938000e-03;
3.317700e-04 9.088400e-04;
1.128900e-03 2.973900e-03;
1.197100e-03 3.021000e-03;
1.038300e-03 2.552000e-03;
6.404800e-04 1.547500e-03;
4.729800e-03 2.519700e-05;
2.638600e-03 2.195700e-06;
6.109400e-03 8.951300e-06;
4.552900e-03 -1.309200e-05;
2.474400e-03 -8.836500e-06;
6.344600e-03 -9.979200e-07;
4.976900e-03 5.770500e-07;
2.885000e-03 4.580500e-06;
4.242700e-03 2.209200e-05;
2.491200e-03 4.770600e-05;
4.942800e-04 9.582300e-04;
4.004300e-03 2.303200e-04;
7.402700e-04 1.838000e-03;
1.019600e-03 2.837600e-03;
9.801500e-04 2.598700e-03;
1.121400e-03 3.063800e-03;
1.057500e-03 2.739900e-03;
6.088800e-04 1.513400e-03;
6.405300e-03 1.204500e-05;
6.132300e-03 2.068100e-05;
6.018500e-03 7.062400e-07;
4.586500e-03 2.515900e-06;
2.713500e-03 -1.004700e-07;
5.805700e-03 8.357200e-05;
1.398100e-03 1.858800e-03;
3.609000e-03 1.405600e-03;
5.521900e-03 4.837600e-04;
1.406000e-03 2.605200e-03;
1.210300e-03 3.110700e-03;
9.896300e-04 2.674500e-03;
6.127500e-04 1.560500e-03;
6.390200e-03 1.307700e-05;
6.229500e-03 -2.380700e-05;
4.375800e-03 -1.016800e-05;
2.550900e-03 -5.269400e-07;
6.294900e-03 -1.427000e-05;
2.730000e-03 2.275900e-03;
4.492400e-03 1.170400e-03;
5.611700e-03 1.290800e-05;
1.838400e-03 2.738500e-03;
1.203000e-03 2.598800e-03;
6.384200e-04 1.633100e-03;
5.761800e-03 -6.850900e-05;
4.293800e-03 3.045900e-06;
2.403000e-03 7.204000e-06;
5.577500e-03 -4.676100e-04;
2.955300e-03 1.620000e-03;
4.082800e-03 2.868600e-05;
4.618100e-03 -1.078900e-03;
1.699500e-03 1.515300e-03;
7.241100e-04 1.428800e-03;
4.197000e-03 -2.081900e-04;
2.400500e-03 -4.494700e-05;
3.958400e-03 -1.286600e-03;
2.099100e-03 -1.415100e-04;
3.031900e-03 -1.677000e-03;
2.927900e-03 -2.161200e-03;
8.019100e-04 9.167100e-06;
1.386100e-03 -1.736800e-03;
1.453500e-03 -2.409300e-03;
1.464800e-03 -1.974100e-03;
1.760800e-03 -2.835800e-03;
7.209700e-04 -1.428600e-03;
1.063400e-03 -2.646800e-03;
6.950800e-04 -1.632900e-03;
4.751000e-04 -9.520800e-04;
1.175400e-03 -2.624100e-03;
1.172100e-03 -3.113300e-03;
6.397900e-04 -1.616300e-03;
9.985700e-04 -2.785700e-03;
6.866500e-04 -1.851600e-03;
3.419300e-04 -9.336900e-04;
9.661800e-04 -2.612900e-03;
1.120800e-03 -3.058500e-03;
6.127700e-04 -1.567200e-03;
1.132900e-03 -2.995200e-03;
7.827400e-04 -2.095100e-03;
4.281000e-04 -1.115300e-03;
1.043000e-03 -2.701100e-03;
6.187000e-04 -1.534800e-03;
1.211100e-03 -3.026900e-03;
9.205400e-04 -2.347800e-03;
4.949700e-04 -1.243900e-03;
1.084300e-03 -2.666700e-03;
6.497300e-04 -1.573800e-03;
1.237800e-03 -3.027900e-03;
9.965100e-04 -2.441000e-03;
5.626100e-04 -1.378000e-03;
1.086300e-03 -2.624700e-03;
6.846700e-04 -1.645700e-03;
1.248300e-03 -2.985000e-03;
1.057800e-03 -2.540300e-03;
6.173800e-04 -1.490700e-03;
1.171800e-03 -2.833100e-03;
6.986200e-04 -1.696800e-03;
1.139000e-03 -2.758400e-03;
6.518300e-04 -1.580100e-03;
1.155500e-03 -2.802500e-03;
7.152800e-04 -1.719400e-03;
1.164900e-03 -2.840900e-03;
6.769200e-04 -1.649600e-03;
1.186900e-03 -2.879600e-03;
7.015600e-04 -1.704300e-03;
1.142000e-03 -2.767800e-03;
7.058900e-04 -1.705000e-03;
1.168100e-03 -2.834000e-03;
6.830600e-04 -1.653000e-03;
1.136900e-03 -2.743800e-03;
7.118100e-04 -1.718700e-03;
1.121400e-03 -2.733800e-03;
6.324700e-04 -1.519700e-03;
6.616300e-04 -1.594900e-03;
1.153300e-03 -2.767300e-03;
1.173500e-03 -2.854000e-03;
6.841500e-04 -1.679300e-03;
1.084100e-03 -2.612200e-03;
6.170100e-04 -1.538800e-03;
1.234500e-03 -2.963400e-03;
1.166500e-03 -2.835100e-03;
6.754900e-04 -1.628200e-03;
1.153700e-03 -2.457000e-03;
1.240700e-03 -2.983400e-03;
1.085700e-03 -2.629000e-03;
6.336800e-04 -1.548300e-03;
1.159600e-03 -2.845400e-03;
9.373500e-04 -2.511300e-03;
6.551300e-04 -1.519300e-03;
1.681000e-04 3.851600e-05;
1.327400e-04 4.672800e-05;
1.681000e-04 3.851600e-05;
1.327400e-04 4.672800e-05;
1.456900e-04 4.706600e-05;
1.456900e-04 4.706600e-05;
1.337800e-04 4.101500e-05;
1.337800e-04 4.101500e-05;
1.625500e-04 6.955900e-05;
1.336100e-04 4.305900e-05;
1.336100e-04 4.305900e-05;
1.460100e-04 4.856900e-05;
1.460100e-04 4.856900e-05;
5.381700e-05 -1.109100e-04;
5.381700e-05 -1.109100e-04;
8.162800e-05 -1.331100e-04;
8.162800e-05 -1.331100e-04;
6.200900e-05 -1.211000e-04;
6.200900e-05 -1.211000e-04;
1.268400e-04 4.108700e-05;
1.268400e-04 4.108700e-05;
1.336000e-04 4.488700e-05;
1.336000e-04 4.488700e-05;
5.746000e-05 -1.121000e-04;
5.746000e-05 -1.121000e-04;
1.172600e-04 3.782500e-05;
1.172600e-04 3.782500e-05;
1.088400e-04 3.519500e-05;
1.088400e-04 3.519500e-05;
5.952800e-05 -1.133600e-04;
6.086700e-05 -1.488400e-04;
5.952800e-05 -1.133600e-04;
6.086700e-05 -1.488400e-04;
1.268700e-04 4.223700e-05;
1.268700e-04 4.223700e-05;
5.583800e-05 -1.095500e-04;
5.583800e-05 -1.095500e-04;
1.014500e-04 3.288900e-05;
1.014500e-04 3.288900e-05;
6.414600e-05 -1.282700e-04;
6.414600e-05 -1.282700e-04;
1.181200e-04 3.939600e-05;
1.181200e-04 3.939600e-05;
5.236600e-05 -1.021500e-04;
5.236600e-05 -1.021500e-04;
4.927400e-05 -9.639400e-05;
4.927400e-05 -9.639400e-05;
9.436700e-05 3.045000e-05;
9.436700e-05 3.045000e-05;
6.011700e-05 -1.206100e-04;
6.011700e-05 -1.206100e-04;
1.134800e-04 3.742800e-05;
1.134800e-04 3.742800e-05;
4.598200e-05 -8.993300e-05;
4.598200e-05 -8.993300e-05;
8.810900e-05 2.850900e-05;
8.810900e-05 2.850900e-05;
5.870800e-05 -1.170500e-04;
5.870800e-05 -1.170500e-04;
1.074400e-04 3.598600e-05;
1.074400e-04 3.598600e-05;
4.288700e-05 -8.377900e-05;
4.288700e-05 -8.377900e-05;
3.981300e-05 -7.789200e-05;
3.981300e-05 -7.789200e-05;
8.401300e-05 2.751900e-05;
8.401300e-05 2.751900e-05;
5.531300e-05 -1.105300e-04;
5.531300e-05 -1.105300e-04;
9.946900e-05 3.321500e-05;
9.946900e-05 3.321500e-05;
3.819800e-05 -7.551000e-05;
3.819800e-05 -7.551000e-05;
8.424700e-05 2.801800e-05;
8.424700e-05 2.801800e-05;
5.246300e-05 -1.045200e-04;
5.246300e-05 -1.045200e-04;
9.533100e-05 3.279100e-05;
9.533100e-05 3.279100e-05;
3.873900e-05 -7.693900e-05;
3.873900e-05 -7.693900e-05;
4.879600e-05 -9.797400e-05;
4.879600e-05 -9.797400e-05;
8.699700e-05 2.742200e-05;
8.699700e-05 2.742200e-05;
4.610300e-05 -9.211800e-05;
4.610300e-05 -9.211800e-05;
7.245200e-05 1.989700e-04;
8.515000e-05 3.919600e-05;
8.515000e-05 3.919600e-05;
4.389500e-05 -9.008100e-05;
4.389500e-05 -9.008100e-05;
9.198300e-05 1.932400e-04;
7.245200e-05 1.989700e-04;
7.245200e-05 1.989700e-04;
2.310600e-04 -2.003700e-05;
2.310600e-04 -2.003700e-05;
4.235600e-05 -8.113800e-05;
4.235600e-05 -8.113800e-05;
9.198300e-05 1.932400e-04;
9.198300e-05 1.932400e-04;
8.461100e-05 1.948900e-04;
8.461100e-05 1.948900e-04;
1.809700e-04 -8.496400e-05;
1.809700e-04 -8.496400e-05;
3.209000e-05 -8.782300e-05;
3.209000e-05 -8.782300e-05;
8.074200e-05 2.011300e-04;
8.074200e-05 2.011300e-04;
8.742700e-05 2.081600e-04;
8.742700e-05 2.081600e-04;
8.924100e-05 2.109100e-04;
8.924100e-05 2.109100e-04;
1.879100e-04 -7.386300e-05;
1.879100e-04 -7.386300e-05;
1.787500e-04 -1.495100e-04;
1.787500e-04 -1.495100e-04;
8.893200e-05 2.129500e-04;
8.893200e-05 2.129500e-04;
9.016100e-05 2.136800e-04;
9.016100e-05 2.136800e-04;
2.022600e-04 -8.277800e-05;
2.022600e-04 -8.277800e-05;
1.908100e-04 -6.719800e-05;
1.908100e-04 -6.719800e-05;
9.091800e-05 2.195700e-04;
9.091800e-05 2.195700e-04;
8.936200e-05 2.120600e-04;
8.936200e-05 2.120600e-04;
2.082400e-04 -8.445800e-05;
2.082400e-04 -8.445800e-05;
1.904400e-04 -8.103300e-05;
1.904400e-04 -8.103300e-05;
9.358500e-05 2.252100e-04;
9.358500e-05 2.252100e-04;
8.670500e-05 2.056700e-04;
8.670500e-05 2.056700e-04;
8.261800e-05 1.958600e-04;
8.261800e-05 1.958600e-04;
2.133700e-04 -8.694300e-05;
2.133700e-04 -8.694300e-05;
2.082900e-04 -8.571300e-05;
2.082900e-04 -8.571300e-05;
9.132200e-05 2.205000e-04;
9.132200e-05 2.205000e-04;
7.727000e-05 1.836300e-04;
7.727000e-05 1.836300e-04;
2.118700e-04 -8.618800e-05;
2.118700e-04 -8.618800e-05;
2.146100e-04 -8.911500e-05;
2.146100e-04 -8.911500e-05;
8.783600e-05 2.117300e-04;
8.783600e-05 2.117300e-04;
7.213500e-05 1.711900e-04;
7.213500e-05 1.711900e-04;
2.056400e-04 -8.366900e-05;
2.056400e-04 -8.366900e-05;
1.964000e-04 -7.994200e-05;
1.964000e-04 -7.994200e-05;
2.212000e-04 -9.140700e-05;
2.212000e-04 -9.140700e-05;
8.455000e-05 2.028400e-04;
8.455000e-05 2.028400e-04;
6.711700e-05 1.595900e-04;
6.711700e-05 1.595900e-04;
1.849600e-04 -7.527700e-05;
1.849600e-04 -7.527700e-05;
2.183000e-04 -9.023300e-05;
2.183000e-04 -9.023300e-05;
8.057200e-05 1.945000e-04;
8.057200e-05 1.945000e-04;
6.388400e-05 1.544400e-04;
6.388400e-05 1.544400e-04;
1.717900e-04 -6.984400e-05;
1.717900e-04 -6.984400e-05;
1.607900e-04 -6.567200e-05;
1.607900e-04 -6.567200e-05;
2.121100e-04 -8.757400e-05;
2.121100e-04 -8.757400e-05;
7.667000e-05 1.848100e-04;
7.667000e-05 1.848100e-04;
6.493900e-05 1.569300e-04;
6.493900e-05 1.569300e-04;
1.556700e-04 -6.455200e-05;
1.556700e-04 -6.455200e-05;
2.036800e-04 -8.396000e-05;
2.036800e-04 -8.396000e-05;
7.152000e-05 1.787700e-04;
7.152000e-05 1.787700e-04;
1.587400e-04 -6.573100e-05;
1.587400e-04 -6.573100e-05;
1.938000e-04 -8.043900e-05;
1.938000e-04 -8.043900e-05;
7.166600e-05 1.619500e-04;
7.166600e-05 1.619500e-04;
1.830200e-04 -7.560100e-05;
1.830200e-04 -7.560100e-05;
4.737700e-05 1.784700e-04;
4.737700e-05 1.784700e-04;
1.763700e-04 -7.548300e-05;
1.763700e-04 -7.548300e-05;
-1.808100e-04 3.836000e-04;
3.689700e-04 3.226800e-04;
3.689700e-04 3.226800e-04;
1.605500e-04 -6.230500e-05;
1.605500e-04 -6.230500e-05;
-1.808100e-04 3.836000e-04;
-1.808100e-04 3.836000e-04;
-1.415700e-04 4.046600e-04;
4.082600e-04 1.480000e-04;
4.082600e-04 1.480000e-04;
1.561300e-04 -9.099700e-05;
1.561300e-04 -9.099700e-05;
-1.548500e-04 3.938100e-04;
-1.548500e-04 3.938100e-04;
-1.415700e-04 4.046600e-04;
-1.415700e-04 4.046600e-04;
4.014100e-04 1.742800e-04;
4.014100e-04 1.742800e-04;
4.820000e-04 3.335500e-05;
4.820000e-04 3.335500e-05;
-1.713400e-04 4.190100e-04;
-1.713400e-04 4.190100e-04;
-1.722500e-04 4.256200e-04;
-1.722500e-04 4.256200e-04;
-1.705000e-04 3.980200e-04;
-1.705000e-04 3.980200e-04;
4.328200e-04 1.814400e-04;
4.328200e-04 1.814400e-04;
3.824500e-04 1.839800e-04;
3.824500e-04 1.839800e-04;
-1.758400e-04 4.317400e-04;
-1.758400e-04 4.317400e-04;
-1.743200e-04 4.247100e-04;
-1.743200e-04 4.247100e-04;
4.385700e-04 1.853900e-04;
4.385700e-04 1.853900e-04;
3.982000e-04 1.599000e-04;
3.982000e-04 1.599000e-04;
-1.752200e-04 4.302600e-04;
-1.752200e-04 4.302600e-04;
-1.813100e-04 4.371900e-04;
-1.813100e-04 4.371900e-04;
4.443300e-04 1.873800e-04;
4.443300e-04 1.873800e-04;
4.238400e-04 1.768100e-04;
4.238400e-04 1.768100e-04;
-1.696200e-04 4.171200e-04;
-1.696200e-04 4.171200e-04;
-1.605700e-04 3.950700e-04;
-1.605700e-04 3.950700e-04;
-1.844200e-04 4.465300e-04;
-1.844200e-04 4.465300e-04;
4.363400e-04 1.839700e-04;
4.363400e-04 1.839700e-04;
4.335100e-04 1.791100e-04;
4.335100e-04 1.791100e-04;
-1.507900e-04 3.695700e-04;
-1.507900e-04 3.695700e-04;
-1.810600e-04 4.377300e-04;
-1.810600e-04 4.377300e-04;
4.224600e-04 1.781200e-04;
4.224600e-04 1.781200e-04;
3.998600e-04 1.686800e-04;
3.998600e-04 1.686800e-04;
4.415000e-04 1.834800e-04;
4.415000e-04 1.834800e-04;
-1.410000e-04 3.456900e-04;
-1.410000e-04 3.456900e-04;
-1.749100e-04 4.231200e-04;
-1.749100e-04 4.231200e-04;
-1.309700e-04 3.213800e-04;
-1.309700e-04 3.213800e-04;
3.757300e-04 1.579500e-04;
3.757300e-04 1.579500e-04;
4.343600e-04 1.802000e-04;
4.343600e-04 1.802000e-04;
-1.672600e-04 4.060400e-04;
-1.672600e-04 4.060400e-04;
-1.292900e-04 3.100400e-04;
-1.292900e-04 3.100400e-04;
3.496300e-04 1.474500e-04;
3.496300e-04 1.474500e-04;
3.251100e-04 1.364500e-04;
3.251100e-04 1.364500e-04;
4.195000e-04 1.742600e-04;
4.195000e-04 1.742600e-04;
-1.611200e-04 3.890600e-04;
-1.611200e-04 3.890600e-04;
-1.328800e-04 3.194600e-04;
-1.328800e-04 3.194600e-04;
3.173800e-04 1.308000e-04;
3.173800e-04 1.308000e-04;
4.033000e-04 1.678300e-04;
4.033000e-04 1.678300e-04;
-1.530700e-04 3.702000e-04;
-1.530700e-04 3.702000e-04;
3.253400e-04 1.342300e-04;
3.253400e-04 1.342300e-04;
3.839000e-04 1.587300e-04;
3.839000e-04 1.587300e-04;
-1.518500e-04 3.524400e-04;
-1.518500e-04 3.524400e-04;
3.638200e-04 1.508800e-04;
3.638200e-04 1.508800e-04;
-1.251100e-04 3.211400e-04;
-1.251100e-04 3.211400e-04;
3.500100e-04 1.394800e-04;
3.500100e-04 1.394800e-04;
-1.821100e-04 3.092700e-04;
-1.821100e-04 3.092700e-04;
3.074200e-04 1.351500e-04;
3.074200e-04 1.351500e-04;
7.506200e-05 9.868300e-04;
7.506200e-05 9.868300e-04;
3.294200e-04 8.377300e-05;
3.294200e-04 8.377300e-05;
3.832900e-04 8.092800e-04;
3.832900e-04 8.092800e-04;
6.221700e-04 7.151300e-04;
6.221700e-04 7.151300e-04;
3.338000e-04 8.339500e-04;
3.338000e-04 8.339500e-04;
2.780700e-04 7.903200e-04;
2.780700e-04 7.903200e-04;
2.232500e-03 -1.752300e-04;
2.232500e-03 -1.752300e-04;
3.568500e-03 -2.722200e-17;
1.500000e-03 0;
3.572500e-04 8.614300e-04;
3.572500e-04 8.614300e-04;
3.326100e-04 7.766200e-04;
3.326100e-04 7.766200e-04;
2.095500e-03 4.637800e-05;
2.095500e-03 4.637800e-05;
3.484600e-04 8.480500e-04;
3.484600e-04 8.480500e-04;
3.481600e-04 8.467200e-04;
3.481600e-04 8.467200e-04;
2.028600e-03 -1.133300e-05;
2.028600e-03 -1.133300e-05;
2.272100e-03 1.775800e-04;
3.584900e-03 -5.316500e-17;
2.272100e-03 1.775800e-04;
1.500000e-03 0;
3.455700e-04 8.384900e-04;
3.455700e-04 8.384900e-04;
3.318300e-04 8.057400e-04;
3.318300e-04 8.057400e-04;
3.632800e-04 8.748100e-04;
3.632800e-04 8.748100e-04;
1.907600e-03 3.426200e-06;
1.907600e-03 3.426200e-06;
1.790000e-03 -3.735800e-07;
1.790000e-03 -3.735800e-07;
2.078000e-03 -4.745800e-05;
2.078000e-03 -4.745800e-05;
3.183200e-04 7.709200e-04;
3.183200e-04 7.709200e-04;
3.668200e-04 8.885100e-04;
3.668200e-04 8.885100e-04;
1.669500e-03 2.117200e-06;
1.669500e-03 2.117200e-06;
2.042400e-03 8.119600e-06;
2.042400e-03 8.119600e-06;
3.064800e-04 7.394800e-04;
3.064800e-04 7.394800e-04;
3.612500e-04 8.707400e-04;
3.612500e-04 8.707400e-04;
1.571600e-03 1.205400e-06;
1.571600e-03 1.205400e-06;
1.910400e-03 1.307000e-06;
1.910400e-03 1.307000e-06;
2.873500e-04 6.970600e-04;
2.873500e-04 6.970600e-04;
2.626200e-04 6.425200e-04;
2.626200e-04 6.425200e-04;
3.456800e-04 8.339900e-04;
3.456800e-04 8.339900e-04;
1.460500e-03 -2.286600e-06;
1.460500e-03 -2.286600e-06;
1.769200e-03 -1.226100e-06;
1.769200e-03 -1.226100e-06;
2.342400e-04 5.737000e-04;
2.342400e-04 5.737000e-04;
2.062300e-04 5.233800e-04;
2.062300e-04 5.233800e-04;
3.316000e-04 8.042700e-04;
3.316000e-04 8.042700e-04;
1.350300e-03 2.287000e-06;
1.350300e-03 2.287000e-06;
1.290600e-03 5.700500e-07;
1.290600e-03 5.700500e-07;
1.673900e-03 -3.755000e-06;
1.673900e-03 -3.755000e-06;
1.183200e-03 -3.210700e-06;
1.183200e-03 -3.210700e-06;
1.506000e-04 3.949600e-04;
1.506000e-04 3.949600e-04;
3.203000e-04 7.725100e-04;
3.203000e-04 7.725100e-04;
1.541200e-03 3.296600e-07;
1.541200e-03 3.296600e-07;
3.043900e-04 7.441500e-04;
3.043900e-04 7.441500e-04;
1.420300e-03 6.717300e-07;
1.420300e-03 6.717300e-07;
3.128600e-04 7.779400e-04;
3.128600e-04 7.779400e-04;
1.316500e-03 -8.886200e-07;
1.316500e-03 -8.886200e-07;
3.214400e-04 7.996300e-04;
3.214400e-04 7.996300e-04;
1.245300e-03 -2.117100e-07;
1.245300e-03 -2.117100e-07;
3.598600e-04 8.425000e-04;
3.598600e-04 8.425000e-04;
1.145700e-03 2.834800e-06;
1.145700e-03 2.834800e-06;
2.486300e-04 -1.015500e-06;
2.486300e-04 -1.015500e-06;
3.572800e-04 -8.391300e-04;
3.572800e-04 -8.391300e-04;
3.197400e-04 -7.906400e-04;
3.197400e-04 -7.906400e-04;
1.561400e-04 -4.090200e-04;
1.561400e-04 -4.090200e-04;
3.136000e-04 -7.815800e-04;
3.136000e-04 -7.815800e-04;
2.145200e-04 -5.422600e-04;
2.145200e-04 -5.422600e-04;
3.084300e-04 -7.552100e-04;
3.084300e-04 -7.552100e-04;
2.438300e-04 -6.005700e-04;
2.438300e-04 -6.005700e-04;
3.267400e-04 -7.883500e-04;
3.267400e-04 -7.883500e-04;
2.788300e-04 -6.811200e-04;
2.788300e-04 -6.811200e-04;
3.415100e-04 -8.257200e-04;
3.415100e-04 -8.257200e-04;
3.060800e-04 -7.398200e-04;
3.060800e-04 -7.398200e-04;
3.534600e-04 -8.551400e-04;
3.534600e-04 -8.551400e-04;
3.265400e-04 -7.895900e-04;
3.265400e-04 -7.895900e-04;
3.607400e-04 -8.711900e-04;
3.607400e-04 -8.711900e-04;
3.423800e-04 -8.311300e-04;
3.423800e-04 -8.311300e-04;
3.571700e-04 -8.645800e-04;
3.571700e-04 -8.645800e-04;
3.560600e-04 -8.639800e-04;
3.560600e-04 -8.639800e-04;
3.440600e-04 -8.286300e-04;
3.440600e-04 -8.286300e-04;
3.312000e-04 -8.048100e-04;
3.312000e-04 -8.048100e-04;
3.587100e-04 -8.679300e-04;
3.587100e-04 -8.679300e-04;
3.201100e-04 -7.469000e-04;
3.201100e-04 -7.469000e-04;
3.474600e-04 -8.465700e-04;
3.474600e-04 -8.465700e-04;
2.705500e-04 -7.731800e-04;
2.705500e-04 -7.731800e-04;
3.412300e-04 -8.211500e-04;
3.412300e-04 -8.211500e-04;
3.043400e-04 -7.664500e-04;
3.043400e-04 -7.664500e-04;
3.543300e-04 -7.369500e-04;
3.543300e-04 -7.369500e-04;
3.543300e-04 -7.369500e-04;
