2.946000e-04 9.604500e-05;
2.926700e-04 9.623100e-05;
2.230700e-04 5.681000e-05;
2.179200e-04 8.691900e-05;
1.433700e-04 -2.825900e-04;
1.091600e-04 -1.824000e-04;
1.291700e-04 -2.550100e-04;
1.306300e-04 -2.600000e-04;
8.511100e-05 -2.007900e-04;
3.010600e-05 -5.923300e-05;
1.748500e-04 -1.924600e-05;
3.010600e-05 -5.923300e-05;
6.372900e-05 2.075300e-05;
6.372900e-05 2.075300e-05;
4.880500e-05 1.155500e-04;
4.880500e-05 1.155500e-04;
2.555300e-04 2.342400e-04;
1.180600e-04 -4.793000e-05;
1.180600e-04 -4.793000e-05;
-9.604400e-05 2.363100e-04;
-9.604400e-05 2.363100e-04;
3.017200e-05 7.033600e-04;
2.400600e-04 1.013000e-04;
2.400600e-04 1.013000e-04;
4.481200e-03 4.035600e-17;
3.215000e-03 -2.843000e-17;
4.291000e-03 6.707200e-05;
4.259000e-03 -8.163700e-05;
9.017200e-04 1.248000e-05;
9.017200e-04 1.248000e-05;
2.706500e-03 1.088600e-03;
1.653800e-04 3.560100e-04;
1.653800e-04 3.560100e-04;
8.682900e-04 -1.091800e-05;
1.632200e-04 -3.524000e-04;
8.682900e-04 -1.091800e-05;
1.632200e-04 -3.524000e-04;
1.632200e-04 -3.524000e-04;
2.010500e-04 6.794900e-05;
2.916300e-04 9.612600e-05;
2.023800e-04 6.692800e-05;
2.001200e-04 6.353300e-05;
2.906300e-04 9.521100e-05;
1.949700e-04 6.212500e-05;
2.056800e-04 6.778600e-05;
8.337500e-05 -1.716500e-04;
2.743800e-04 9.084000e-05;
2.766900e-04 9.020500e-05;
1.845500e-04 6.028600e-05;
1.941400e-04 6.433600e-05;
1.260500e-04 -2.509100e-04;
8.869000e-05 -1.717900e-04;
8.446300e-05 -1.663800e-04;
1.433500e-04 -2.820800e-04;
9.079100e-05 -1.736000e-04;
2.921000e-04 9.687400e-05;
2.768400e-04 9.002300e-05;
1.732600e-04 5.613900e-05;
1.839100e-04 6.143700e-05;
1.315100e-04 -2.604700e-04;
8.215200e-05 -1.610500e-04;
1.360200e-04 -2.690300e-04;
9.075600e-05 -1.813800e-04;
2.884800e-04 9.401200e-05;
2.745200e-04 8.995900e-05;
1.623800e-04 5.238900e-05;
2.528600e-04 8.243300e-05;
1.531000e-04 4.990400e-05;
1.750500e-04 5.790700e-05;
1.294800e-04 -2.547100e-04;
7.794800e-05 -1.528000e-04;
1.350700e-04 -2.682000e-04;
8.806600e-05 -1.766800e-04;
2.923300e-04 9.536100e-05;
2.421500e-04 7.854900e-05;
1.430800e-04 4.633000e-05;
2.959100e-04 9.782200e-05;
1.684600e-04 5.578700e-05;
1.283000e-04 -2.522100e-04;
7.424300e-05 -1.450100e-04;
1.203400e-04 -2.363000e-04;
6.935200e-05 -1.363100e-04;
1.367300e-04 -2.706700e-04;
8.577900e-05 -1.702800e-04;
2.656000e-04 8.729700e-05;
2.453300e-04 8.053800e-05;
1.345500e-04 4.387000e-05;
3.015800e-04 9.993400e-05;
2.432800e-04 8.141900e-05;
1.291500e-04 4.262700e-05;
1.606400e-04 5.374700e-05;
1.178100e-04 -2.332100e-04;
6.542800e-05 -1.278400e-04;
1.391100e-04 -2.783900e-04;
1.404500e-04 -2.766700e-04;
8.255300e-05 -1.633600e-04;
2.558800e-04 8.526600e-05;
3.006700e-04 1.007500e-04;
2.966900e-04 1.018900e-04;
2.216500e-04 7.716700e-05;
1.280300e-04 4.400300e-05;
1.505700e-04 5.042300e-05;
1.135400e-04 -2.232100e-04;
6.110900e-05 -1.198900e-04;
1.051700e-04 -2.100200e-04;
5.850600e-05 -1.166400e-04;
1.429300e-04 -2.827500e-04;
1.256500e-04 -2.501400e-04;
7.782300e-05 -1.562300e-04;
2.624300e-04 8.972100e-05;
2.939200e-04 1.049800e-04;
2.898000e-04 1.040200e-04;
2.241000e-04 7.809700e-05;
1.306300e-04 4.214300e-05;
1.437100e-04 4.952200e-05;
9.697500e-05 -1.991900e-04;
5.827200e-05 -1.181100e-04;
1.285800e-04 -2.666700e-04;
1.424000e-04 -2.865600e-04;
1.212700e-04 -2.420300e-04;
7.324300e-05 -1.470000e-04;
2.370800e-04 8.406100e-05;
6.222100e-05 -1.212500e-04;
2.953400e-04 1.017200e-04;
2.862000e-04 8.889100e-05;
2.056500e-04 5.595200e-05;
1.323200e-04 4.592500e-05;
9.795000e-05 -2.017300e-04;
9.739200e-05 -1.794600e-04;
1.284900e-04 -2.698600e-04;
1.370000e-04 -2.841700e-04;
1.161500e-04 -2.378000e-04;
6.971000e-05 -1.396600e-04;
2.363200e-04 7.756300e-05;
1.748500e-04 -1.924600e-05;
1.442200e-04 -1.296600e-04;
3.172000e-04 6.018400e-05;
2.891600e-04 2.170400e-05;
2.243300e-04 5.354400e-04;
1.572400e-04 4.661300e-05;
1.398300e-04 -2.654300e-04;
1.560300e-04 -2.245200e-04;
1.377700e-04 -2.784800e-04;
1.064600e-04 -2.225000e-04;
6.622300e-05 -1.356400e-04;
2.998100e-04 3.294500e-05;
2.737500e-04 -9.365500e-05;
2.221800e-04 -1.987100e-04;
3.925400e-04 -6.864300e-05;
2.154400e-04 4.653200e-04;
1.214100e-04 2.966200e-04;
1.784300e-04 4.866100e-04;
2.345000e-04 5.625200e-04;
3.103800e-04 -4.105500e-05;
1.869800e-04 -2.695400e-04;
1.231400e-04 -2.255200e-04;
6.166500e-05 -1.270400e-04;
4.460200e-04 -1.010400e-04;
3.352600e-04 -2.259600e-04;
4.709900e-04 -1.936400e-04;
1.265600e-04 2.976800e-04;
2.041400e-04 4.853900e-04;
1.253300e-04 2.958900e-04;
2.024900e-04 4.853300e-04;
2.368400e-04 5.597700e-04;
4.682700e-04 -1.648900e-04;
2.813100e-04 -1.180000e-04;
2.594500e-04 -2.449100e-04;
7.729900e-05 -1.434600e-04;
5.403100e-04 -2.237800e-04;
4.029100e-04 -2.421700e-04;
1.266700e-04 3.025900e-04;
2.082000e-04 4.969200e-04;
1.296400e-04 3.094000e-04;
2.289100e-04 5.538500e-04;
4.851400e-04 -1.988800e-04;
2.846100e-04 -1.150500e-04;
5.640300e-04 -2.307400e-04;
2.495000e-04 -1.905800e-04;
4.591500e-04 -2.026100e-04;
1.293700e-04 3.149900e-04;
2.260500e-04 5.354200e-04;
1.338300e-04 3.145700e-04;
2.140500e-04 5.097400e-04;
2.101900e-04 4.976100e-04;
1.323700e-04 3.162400e-04;
5.009500e-04 -2.033100e-04;
3.007000e-04 -1.228100e-04;
5.668400e-04 -2.328800e-04;
4.762600e-04 -1.958500e-04;
2.866100e-04 -1.139300e-04;
1.367000e-04 3.253700e-04;
2.329600e-04 5.542100e-04;
2.210100e-04 5.329000e-04;
1.330000e-04 3.162900e-04;
5.179700e-04 -2.137800e-04;
3.109200e-04 -1.261200e-04;
5.627400e-04 -2.278800e-04;
4.791400e-04 -1.969700e-04;
2.895200e-04 -1.200900e-04;
1.381100e-04 3.326700e-04;
2.266000e-04 5.477900e-04;
2.226400e-04 5.298100e-04;
1.292400e-04 3.073300e-04;
5.172500e-04 -2.121000e-04;
3.169300e-04 -1.295000e-04;
5.297200e-04 -2.168500e-04;
3.096200e-04 -1.271200e-04;
1.354300e-04 3.264400e-04;
2.311300e-04 5.529300e-04;
2.210000e-04 5.275900e-04;
1.244400e-04 2.944600e-04;
2.112000e-04 5.014000e-04;
1.172700e-04 2.784600e-04;
5.262900e-04 -2.143900e-04;
3.156200e-04 -1.288100e-04;
5.245100e-04 -2.182800e-04;
3.200400e-04 -1.329800e-04;
1.309900e-04 3.150400e-04;
2.364500e-04 5.614600e-04;
2.372000e-04 5.689500e-04;
1.914300e-04 4.587000e-04;
1.095300e-04 2.613300e-04;
5.175200e-04 -2.132800e-04;
3.077400e-04 -1.252600e-04;
5.446100e-04 -2.230800e-04;
3.270600e-04 -1.342800e-04;
1.266400e-04 3.042600e-04;
2.174100e-04 5.207400e-04;
2.387700e-04 5.780500e-04;
1.957200e-04 4.692900e-04;
1.027700e-04 2.451200e-04;
1.816000e-04 4.471600e-04;
9.724100e-05 2.383100e-04;
5.123100e-04 -2.090800e-04;
2.953800e-04 -1.205100e-04;
5.003800e-04 -2.028800e-04;
2.809000e-04 -1.141000e-04;
5.221800e-04 -2.122600e-04;
3.228700e-04 -1.340500e-04;
1.210500e-04 2.923400e-04;
2.071300e-04 5.001000e-04;
1.715100e-04 4.332000e-04;
9.699200e-05 2.390400e-04;
2.376300e-04 5.830400e-04;
2.142800e-04 5.486900e-04;
4.514700e-04 -1.856300e-04;
2.618300e-04 -1.068200e-04;
5.687600e-04 -2.353700e-04;
5.338200e-04 -2.205300e-04;
3.169400e-04 -1.298900e-04;
1.157100e-04 2.805300e-04;
1.990100e-04 4.962100e-04;
1.711600e-04 4.177000e-04;
1.019500e-04 2.360600e-04;
2.147500e-04 5.463700e-04;
2.266500e-04 5.777100e-04;
1.664900e-04 3.463500e-04;
4.330700e-04 -1.822300e-04;
2.467100e-04 -1.012000e-04;
2.392000e-04 -1.004000e-04;
4.586800e-04 -1.872800e-04;
5.763600e-04 -2.380800e-04;
4.896000e-04 -2.027700e-04;
3.053100e-04 -1.263500e-04;
1.081900e-04 2.708600e-04;
1.828600e-04 4.664900e-04;
2.425200e-04 -9.571300e-05;
2.405100e-04 5.266900e-04;
2.337500e-04 5.758200e-04;
2.555300e-04 2.342400e-04;
2.793700e-04 4.330900e-04;
4.051500e-04 -1.752500e-04;
2.402900e-04 -1.014600e-04;
5.364100e-04 -2.340300e-04;
5.814000e-04 -2.448000e-04;
4.817000e-04 -1.996600e-04;
2.911600e-04 -1.207100e-04;
1.033000e-04 2.535800e-04;
2.188700e-04 4.744800e-04;
4.092600e-04 -1.722300e-04;
3.698500e-04 -1.341600e-04;
3.577600e-04 -8.041700e-06;
4.770800e-04 1.835100e-04;
3.392000e-04 5.473000e-04;
4.580800e-04 3.840500e-04;
5.391600e-04 -2.365500e-04;
5.672500e-04 -2.459200e-04;
4.701700e-04 -2.013700e-04;
2.779300e-04 -1.153100e-04;
1.345800e-04 2.990500e-04;
3.634500e-04 4.870800e-04;
5.460600e-04 -2.045300e-04;
5.221400e-04 -1.125500e-04;
6.056400e-04 2.905300e-05;
6.672700e-04 2.623500e-04;
6.050000e-04 4.793000e-04;
5.618800e-04 -2.383200e-04;
4.444800e-04 -1.943800e-04;
2.668300e-04 -1.140200e-04;
-4.299700e-04 1.061000e-03;
5.112600e-04 4.032600e-04;
7.582000e-04 4.996100e-04;
6.282000e-04 -1.450300e-04;
7.611500e-04 6.757200e-05;
8.808600e-04 3.575800e-04;
4.839100e-04 -1.791700e-04;
2.460600e-04 -1.051200e-04;
-3.454500e-04 9.476300e-04;
-2.492100e-04 5.912800e-04;
-4.615900e-04 1.124300e-03;
-4.410400e-04 9.449800e-04;
9.409400e-04 4.519700e-04;
6.054600e-04 2.514100e-04;
1.060900e-03 4.326300e-04;
6.382200e-04 -4.888100e-05;
8.893900e-04 1.905900e-04;
3.014500e-04 -1.125900e-04;
-3.983900e-04 9.747200e-04;
-2.402900e-04 5.944200e-04;
-4.557100e-04 1.120600e-03;
-4.124500e-04 1.009100e-03;
-2.407000e-04 6.018200e-04;
9.934700e-04 4.192300e-04;
6.077400e-04 2.559000e-04;
1.119700e-03 4.699800e-04;
9.271000e-04 3.501300e-04;
6.383000e-04 7.428000e-05;
-4.146500e-04 1.012300e-03;
-2.558700e-04 6.213600e-04;
-4.468000e-04 1.072500e-03;
-2.511100e-04 6.049200e-04;
1.043900e-03 4.323100e-04;
6.375600e-04 2.690600e-04;
1.118100e-03 4.709800e-04;
9.630900e-04 4.021600e-04;
5.901400e-04 2.546300e-04;
-4.461900e-04 1.103100e-03;
-2.537900e-04 6.349600e-04;
-4.044000e-04 9.913300e-04;
-2.624600e-04 6.390000e-04;
-4.231300e-04 1.028800e-03;
-2.604500e-04 6.274400e-04;
1.035400e-03 4.337100e-04;
6.502200e-04 2.738500e-04;
1.058100e-03 4.406200e-04;
6.009500e-04 2.494300e-04;
-4.360400e-04 1.055000e-03;
-2.613700e-04 6.386600e-04;
-4.603100e-04 1.131400e-03;
-2.649700e-04 6.502800e-04;
1.036900e-03 4.336400e-04;
6.576700e-04 2.775900e-04;
1.053200e-03 4.375600e-04;
6.285600e-04 2.605300e-04;
-4.377900e-04 1.071300e-03;
-2.533700e-04 6.227000e-04;
-4.495200e-04 1.090100e-03;
-2.736800e-04 6.591100e-04;
1.032600e-03 4.357900e-04;
6.473000e-04 2.702000e-04;
1.047700e-03 4.389700e-04;
6.440400e-04 2.658000e-04;
-4.295000e-04 1.049700e-03;
-2.408200e-04 5.945700e-04;
-3.995100e-04 9.806600e-04;
-2.291100e-04 5.609500e-04;
-4.514100e-04 1.098900e-03;
-2.678500e-04 6.497800e-04;
1.081800e-03 4.543700e-04;
6.283300e-04 2.659800e-04;
1.052300e-03 4.359200e-04;
6.520800e-04 2.722700e-04;
-3.780700e-04 9.181700e-04;
-2.153800e-04 5.251600e-04;
-4.690300e-04 1.137700e-03;
-4.623700e-04 1.133300e-03;
-2.597400e-04 6.307100e-04;
1.037100e-03 4.322300e-04;
6.019800e-04 2.537200e-04;
1.009100e-03 4.289700e-04;
5.669800e-04 2.379800e-04;
1.047800e-03 4.429300e-04;
6.449800e-04 2.673200e-04;
-3.809900e-04 9.194900e-04;
-2.014800e-04 4.940900e-04;
-3.421800e-04 8.093200e-04;
-2.022000e-04 4.758400e-04;
-4.805000e-04 1.154700e-03;
-4.270200e-04 1.041200e-03;
-2.514000e-04 6.080800e-04;
9.628200e-04 4.015900e-04;
5.334900e-04 2.247700e-04;
1.136100e-03 4.683300e-04;
1.075600e-03 4.478700e-04;
6.244900e-04 2.614800e-04;
-3.686600e-04 8.469100e-04;
-2.034400e-04 4.803000e-04;
-4.723500e-04 1.061000e-03;
-4.929600e-04 1.166000e-03;
-4.020800e-04 9.712300e-04;
-2.427400e-04 5.849000e-04;
9.195800e-04 3.849600e-04;
4.987700e-04 2.084900e-04;
8.728600e-04 3.546400e-04;
4.878800e-04 1.983000e-04;
1.152600e-03 4.822800e-04;
9.943300e-04 4.114600e-04;
6.061100e-04 2.514300e-04;
-3.426200e-04 8.078800e-04;
-1.933000e-04 4.851400e-04;
-2.504200e-04 7.294800e-04;
-4.796500e-04 1.079500e-03;
-5.027900e-04 1.135800e-03;
-4.011100e-04 9.398300e-04;
-2.334800e-04 5.609200e-04;
4.881800e-04 2.112400e-04;
8.308200e-04 3.250100e-04;
4.920600e-04 1.983500e-04;
1.097200e-03 4.267100e-04;
1.170700e-03 4.729100e-04;
9.884200e-04 4.094800e-04;
5.767800e-04 2.390300e-04;
3.017200e-05 7.033600e-04;
-4.105400e-04 1.096100e-03;
-2.253600e-04 1.044400e-03;
-4.796200e-04 1.125200e-03;
-3.929100e-04 8.804000e-04;
-2.308500e-04 5.344900e-04;
8.561300e-04 3.475700e-04;
7.293800e-04 3.498900e-04;
5.210200e-04 5.071100e-04;
4.217400e-04 9.542600e-04;
1.119300e-03 4.294400e-04;
1.151000e-03 4.482600e-04;
9.651900e-04 3.829000e-04;
5.538900e-04 2.281600e-04;
1.022900e-04 1.205800e-03;
-2.963300e-04 1.251100e-03;
-3.617800e-04 9.622800e-04;
-2.113100e-04 4.951900e-04;
1.067200e-03 4.839300e-04;
9.072300e-04 5.833300e-04;
8.199600e-04 9.125400e-04;
5.751500e-04 1.329200e-03;
1.130500e-03 4.517000e-04;
9.391200e-04 3.610800e-04;
5.314600e-04 2.119400e-04;
1.760300e-04 1.539000e-03;
-1.620600e-04 1.203900e-03;
-2.296400e-04 6.107700e-04;
7.438900e-04 1.756300e-03;
1.094100e-03 6.772200e-04;
9.800700e-04 1.183900e-03;
9.247500e-04 4.222700e-04;
4.879100e-04 1.949000e-04;
3.706800e-04 1.778700e-03;
1.673500e-04 1.303000e-03;
8.933900e-04 2.114700e-03;
9.856800e-04 1.525400e-03;
9.523700e-04 7.959000e-04;
5.667400e-04 2.555600e-04;
7.234900e-04 1.996000e-03;
5.198900e-04 1.236700e-03;
9.227700e-04 2.241400e-03;
8.136400e-04 1.805000e-03;
7.866200e-04 9.964300e-04;
8.343700e-04 1.991200e-03;
5.143100e-04 1.250700e-03;
9.289100e-04 2.220200e-03;
7.882500e-04 1.899100e-03;
4.705100e-04 1.178200e-03;
3.166200e-03 -1.660500e-04;
8.517700e-04 2.068000e-03;
5.268100e-04 1.278100e-03;
8.430400e-04 2.036400e-03;
4.941000e-04 1.184100e-03;
3.206400e-03 1.690700e-04;
4.942500e-03 1.259900e-05;
3.104200e-03 1.879900e-05;
8.531400e-04 2.070700e-03;
5.205900e-04 1.263400e-03;
8.804300e-04 2.129600e-03;
5.135300e-04 1.251800e-03;
3.080200e-03 -2.057700e-05;
4.658700e-03 -5.794200e-06;
2.953000e-03 -1.214800e-05;
4.542000e-03 -3.705000e-05;
8.647200e-04 2.109300e-03;
5.139600e-04 1.246800e-03;
8.561700e-04 2.088000e-03;
5.396900e-04 1.294300e-03;
4.393400e-03 -1.409000e-06;
2.813600e-03 1.549600e-05;
2.971800e-03 -1.132300e-05;
4.769300e-03 9.743900e-06;
8.625700e-04 2.106700e-03;
4.929500e-04 1.203100e-03;
8.202900e-04 1.971500e-03;
4.822300e-04 1.158600e-03;
8.606200e-04 2.084700e-03;
5.418300e-04 1.313900e-03;
4.695300e-03 1.837100e-05;
2.669400e-03 -1.087300e-05;
4.247100e-03 4.066400e-06;
2.517500e-03 1.075600e-06;
2.822700e-03 2.041100e-05;
4.385600e-03 1.524200e-05;
8.769900e-04 2.092500e-03;
4.633400e-04 1.119200e-03;
8.956000e-04 2.151900e-03;
5.334700e-04 1.291300e-03;
3.887800e-03 8.528900e-06;
2.369700e-03 5.909300e-06;
4.830000e-03 7.582000e-06;
4.720000e-03 -2.653400e-05;
2.637600e-03 -1.692700e-05;
7.961300e-04 1.937200e-03;
4.352800e-04 1.057200e-03;
9.195800e-04 2.235300e-03;
8.362800e-04 2.015600e-03;
5.176100e-04 1.242600e-03;
3.959400e-03 -1.786800e-06;
2.223600e-03 -5.942800e-06;
4.858800e-03 9.574600e-06;
4.013800e-03 -1.943500e-05;
2.521200e-03 7.313100e-06;
7.711300e-04 1.887600e-03;
3.999600e-04 9.838600e-04;
7.124200e-04 1.795800e-03;
3.617800e-04 8.964900e-04;
9.252500e-04 2.264700e-03;
7.824300e-04 1.901800e-03;
4.970800e-04 1.205000e-03;
3.799600e-03 -1.405900e-05;
2.078800e-03 3.771100e-06;
4.916800e-03 -1.000200e-05;
3.925300e-03 1.545200e-05;
2.337400e-03 3.553400e-07;
6.400800e-04 1.661500e-03;
3.164000e-04 8.213000e-04;
5.455800e-04 1.473300e-03;
2.627200e-04 7.052300e-04;
8.587500e-04 2.229300e-03;
9.029600e-04 2.264500e-03;
7.795100e-04 1.911400e-03;
4.803900e-04 1.160600e-03;
3.546400e-03 1.674400e-05;
1.977900e-03 1.047000e-06;
4.583100e-03 7.075900e-06;
3.413400e-03 -9.092000e-06;
1.852200e-03 -7.326200e-06;
4.759300e-03 5.025800e-07;
3.731300e-03 -5.513000e-07;
2.162500e-03 2.935900e-06;
3.178700e-03 1.364900e-05;
1.866400e-03 3.697400e-05;
3.869100e-04 7.537900e-04;
3.003300e-03 1.841500e-04;
5.792100e-04 1.412100e-03;
7.869300e-04 2.133300e-03;
7.603500e-04 1.965600e-03;
8.561600e-04 2.286400e-03;
7.985800e-04 2.043900e-03;
4.571700e-04 1.132100e-03;
4.807700e-03 8.143100e-06;
4.600800e-03 1.395200e-05;
4.512400e-03 6.361500e-07;
3.437500e-03 2.226900e-06;
2.034300e-03 -4.011500e-07;
4.356900e-03 6.296200e-05;
1.067400e-03 1.437900e-03;
2.706500e-03 1.088600e-03;
4.136600e-03 3.809200e-04;
1.071400e-03 1.974800e-03;
9.234400e-04 2.319300e-03;
7.467900e-04 1.977800e-03;
4.583600e-04 1.156600e-03;
4.799400e-03 9.253700e-06;
4.674400e-03 -1.661100e-05;
3.280300e-03 -6.408200e-06;
1.912600e-03 1.436700e-07;
4.725500e-03 -1.120700e-05;
2.038600e-03 1.733700e-03;
3.343500e-03 8.988500e-04;
4.189100e-03 1.065500e-05;
1.369300e-03 2.041800e-03;
8.940400e-04 1.913200e-03;
4.718300e-04 1.194400e-03;
4.323500e-03 -5.182700e-05;
3.216200e-03 4.517200e-06;
1.797700e-03 6.522500e-06;
4.178600e-03 -3.674700e-04;
2.179400e-03 1.215800e-03;
3.018000e-03 2.104900e-05;
3.436200e-03 -8.292200e-04;
1.242800e-03 1.116500e-03;
5.272500e-04 1.039100e-03;
3.147800e-03 -1.667100e-04;
1.798400e-03 -3.530400e-05;
2.966500e-03 -9.988800e-04;
1.534200e-03 -1.050600e-04;
2.236500e-03 -1.260700e-03;
2.184100e-03 -1.649800e-03;
5.807500e-04 7.083500e-06;
1.057900e-03 -1.346000e-03;
1.107300e-03 -1.834800e-03;
1.073000e-03 -1.451100e-03;
1.316700e-03 -2.119300e-03;
5.248100e-04 -1.039100e-03;
8.226500e-04 -2.002800e-03;
5.447300e-04 -1.262400e-03;
3.733900e-04 -7.500700e-04;
8.748000e-04 -1.930600e-03;
8.937700e-04 -2.318600e-03;
4.725800e-04 -1.182000e-03;
7.720800e-04 -2.096200e-03;
5.365500e-04 -1.412800e-03;
2.707500e-04 -7.241600e-04;
7.283900e-04 -1.932900e-03;
8.550700e-04 -2.281800e-03;
4.581500e-04 -1.160800e-03;
8.625200e-04 -2.244700e-03;
6.007700e-04 -1.581900e-03;
3.301700e-04 -8.500700e-04;
7.870800e-04 -2.015300e-03;
4.643500e-04 -1.147500e-03;
9.137500e-04 -2.269000e-03;
6.984400e-04 -1.763800e-03;
3.755800e-04 -9.373800e-04;
8.146800e-04 -1.997800e-03;
4.877000e-04 -1.180300e-03;
9.298700e-04 -2.270900e-03;
7.492800e-04 -1.831000e-03;
4.227600e-04 -1.033500e-03;
8.153000e-04 -1.968700e-03;
5.135400e-04 -1.234900e-03;
9.360800e-04 -2.239800e-03;
7.927400e-04 -1.905000e-03;
4.625200e-04 -1.117300e-03;
8.784900e-04 -2.125000e-03;
5.238600e-04 -1.272600e-03;
8.536300e-04 -2.068400e-03;
4.886600e-04 -1.184700e-03;
8.664200e-04 -2.101100e-03;
5.361800e-04 -1.289300e-03;
8.738300e-04 -2.131000e-03;
5.078000e-04 -1.237000e-03;
8.904500e-04 -2.160000e-03;
5.263100e-04 -1.278100e-03;
8.566300e-04 -2.075800e-03;
5.292700e-04 -1.278900e-03;
8.760100e-04 -2.125200e-03;
5.124400e-04 -1.239800e-03;
8.524900e-04 -2.057500e-03;
5.338400e-04 -1.289000e-03;
8.411000e-04 -2.049400e-03;
4.739100e-04 -1.139000e-03;
4.960700e-04 -1.196100e-03;
8.643700e-04 -2.075600e-03;
8.797500e-04 -2.140400e-03;
5.132500e-04 -1.259100e-03;
8.128400e-04 -1.959500e-03;
4.632000e-04 -1.154300e-03;
9.265100e-04 -2.223600e-03;
8.749700e-04 -2.125900e-03;
5.064500e-04 -1.221700e-03;
8.681100e-04 -1.841600e-03;
9.308800e-04 -2.238600e-03;
8.150100e-04 -1.971500e-03;
4.752600e-04 -1.160200e-03;
8.682900e-04 -2.130900e-03;
7.005800e-04 -1.884600e-03;
4.910100e-04 -1.139700e-03;
1.261100e-04 2.888000e-05;
9.953700e-05 3.504400e-05;
1.261100e-04 2.888000e-05;
9.953700e-05 3.504400e-05;
1.092700e-04 3.530200e-05;
1.092700e-04 3.530200e-05;
1.003100e-04 3.075000e-05;
1.003100e-04 3.075000e-05;
1.219300e-04 5.219800e-05;
1.002000e-04 3.229400e-05;
1.002000e-04 3.229400e-05;
1.095200e-04 3.642800e-05;
1.095200e-04 3.642800e-05;
4.035800e-05 -8.317300e-05;
4.035800e-05 -8.317300e-05;
6.123600e-05 -9.984700e-05;
6.123600e-05 -9.984700e-05;
4.651200e-05 -9.084300e-05;
4.651200e-05 -9.084300e-05;
9.514100e-05 3.081900e-05;
9.514100e-05 3.081900e-05;
1.002000e-04 3.366800e-05;
1.002000e-04 3.366800e-05;
4.309700e-05 -8.406900e-05;
4.309700e-05 -8.406900e-05;
8.794000e-05 2.836600e-05;
8.794000e-05 2.836600e-05;
8.162800e-05 2.639800e-05;
8.162800e-05 2.639800e-05;
4.464100e-05 -8.501400e-05;
4.565100e-05 -1.116500e-04;
4.464100e-05 -8.501400e-05;
4.565100e-05 -1.116500e-04;
9.515300e-05 3.167700e-05;
9.515300e-05 3.167700e-05;
4.187800e-05 -8.216500e-05;
4.187800e-05 -8.216500e-05;
7.609500e-05 2.466900e-05;
7.609500e-05 2.466900e-05;
4.811700e-05 -9.621400e-05;
4.811700e-05 -9.621400e-05;
8.858800e-05 2.954800e-05;
8.858800e-05 2.954800e-05;
3.927700e-05 -7.661800e-05;
3.927700e-05 -7.661800e-05;
3.695700e-05 -7.229900e-05;
3.695700e-05 -7.229900e-05;
7.077900e-05 2.283800e-05;
7.077900e-05 2.283800e-05;
4.508700e-05 -9.046000e-05;
4.508700e-05 -9.046000e-05;
8.510800e-05 2.807000e-05;
8.510800e-05 2.807000e-05;
3.449000e-05 -6.745700e-05;
3.449000e-05 -6.745700e-05;
6.607700e-05 2.137800e-05;
6.607700e-05 2.137800e-05;
4.403300e-05 -8.779300e-05;
4.403300e-05 -8.779300e-05;
8.057700e-05 2.698900e-05;
8.057700e-05 2.698900e-05;
3.216600e-05 -6.283500e-05;
3.216600e-05 -6.283500e-05;
2.985900e-05 -5.841600e-05;
2.985900e-05 -5.841600e-05;
6.297900e-05 2.062300e-05;
6.297900e-05 2.062300e-05;
4.148400e-05 -8.290100e-05;
4.148400e-05 -8.290100e-05;
7.461200e-05 2.491000e-05;
7.461200e-05 2.491000e-05;
2.863900e-05 -5.659900e-05;
2.863900e-05 -5.659900e-05;
6.308700e-05 2.096800e-05;
6.308700e-05 2.096800e-05;
3.934900e-05 -7.839300e-05;
3.934900e-05 -7.839300e-05;
7.157100e-05 2.460700e-05;
7.157100e-05 2.460700e-05;
2.901700e-05 -5.760600e-05;
2.901700e-05 -5.760600e-05;
3.659800e-05 -7.348400e-05;
3.659800e-05 -7.348400e-05;
6.542600e-05 2.060200e-05;
6.542600e-05 2.060200e-05;
3.458200e-05 -6.909200e-05;
3.458200e-05 -6.909200e-05;
5.432400e-05 1.492200e-04;
6.420000e-05 2.951000e-05;
6.420000e-05 2.951000e-05;
3.296000e-05 -6.761600e-05;
3.296000e-05 -6.761600e-05;
6.899900e-05 1.449200e-04;
5.432400e-05 1.492200e-04;
5.432400e-05 1.492200e-04;
1.735100e-04 -1.497200e-05;
1.735100e-04 -1.497200e-05;
3.187200e-05 -6.100800e-05;
3.187200e-05 -6.100800e-05;
6.899900e-05 1.449200e-04;
6.899900e-05 1.449200e-04;
6.344200e-05 1.461400e-04;
6.344200e-05 1.461400e-04;
1.357300e-04 -6.373500e-05;
1.357300e-04 -6.373500e-05;
2.422800e-05 -6.619200e-05;
2.422800e-05 -6.619200e-05;
6.053300e-05 1.508000e-04;
6.053300e-05 1.508000e-04;
6.557300e-05 1.561300e-04;
6.557300e-05 1.561300e-04;
6.693500e-05 1.582000e-04;
6.693500e-05 1.582000e-04;
1.409100e-04 -5.538600e-05;
1.409100e-04 -5.538600e-05;
1.341700e-04 -1.123200e-04;
1.341700e-04 -1.123200e-04;
6.671300e-05 1.597200e-04;
6.671300e-05 1.597200e-04;
6.762700e-05 1.602600e-04;
6.762700e-05 1.602600e-04;
1.517100e-04 -6.209400e-05;
1.517100e-04 -6.209400e-05;
1.431100e-04 -5.039000e-05;
1.431100e-04 -5.039000e-05;
6.818200e-05 1.646800e-04;
6.818200e-05 1.646800e-04;
6.701200e-05 1.590300e-04;
6.701200e-05 1.590300e-04;
1.561800e-04 -6.333800e-05;
1.561800e-04 -6.333800e-05;
1.427900e-04 -6.076000e-05;
1.427900e-04 -6.076000e-05;
7.019200e-05 1.689000e-04;
7.019200e-05 1.689000e-04;
6.503400e-05 1.542700e-04;
6.503400e-05 1.542700e-04;
6.196300e-05 1.469000e-04;
6.196300e-05 1.469000e-04;
1.600300e-04 -6.521200e-05;
1.600300e-04 -6.521200e-05;
1.562300e-04 -6.428600e-05;
1.562300e-04 -6.428600e-05;
6.849500e-05 1.653900e-04;
6.849500e-05 1.653900e-04;
5.796100e-05 1.377400e-04;
5.796100e-05 1.377400e-04;
1.589200e-04 -6.464700e-05;
1.589200e-04 -6.464700e-05;
1.609700e-04 -6.683700e-05;
1.609700e-04 -6.683700e-05;
6.587300e-05 1.587900e-04;
6.587300e-05 1.587900e-04;
5.410900e-05 1.284000e-04;
5.410900e-05 1.284000e-04;
1.542200e-04 -6.274800e-05;
1.542200e-04 -6.274800e-05;
1.473000e-04 -5.996200e-05;
1.473000e-04 -5.996200e-05;
1.659100e-04 -6.856400e-05;
1.659100e-04 -6.856400e-05;
6.340800e-05 1.521200e-04;
6.340800e-05 1.521200e-04;
5.032600e-05 1.196400e-04;
5.032600e-05 1.196400e-04;
1.387500e-04 -5.647100e-05;
1.387500e-04 -5.647100e-05;
1.637200e-04 -6.766900e-05;
1.637200e-04 -6.766900e-05;
6.042400e-05 1.458600e-04;
6.042400e-05 1.458600e-04;
4.785900e-05 1.156100e-04;
4.785900e-05 1.156100e-04;
1.288400e-04 -5.237700e-05;
1.288400e-04 -5.237700e-05;
1.205500e-04 -4.922400e-05;
1.205500e-04 -4.922400e-05;
1.590800e-04 -6.567900e-05;
1.590800e-04 -6.567900e-05;
5.753200e-05 1.386300e-04;
5.753200e-05 1.386300e-04;
4.853800e-05 1.171800e-04;
4.853800e-05 1.171800e-04;
1.165500e-04 -4.829600e-05;
1.165500e-04 -4.829600e-05;
1.527700e-04 -6.297100e-05;
1.527700e-04 -6.297100e-05;
5.380600e-05 1.343600e-04;
5.380600e-05 1.343600e-04;
1.185700e-04 -4.904700e-05;
1.185700e-04 -4.904700e-05;
1.453500e-04 -6.033400e-05;
1.453500e-04 -6.033400e-05;
5.413200e-05 1.221300e-04;
5.413200e-05 1.221300e-04;
1.373000e-04 -5.669500e-05;
1.373000e-04 -5.669500e-05;
3.613400e-05 1.352700e-04;
3.613400e-05 1.352700e-04;
1.325900e-04 -5.669200e-05;
1.325900e-04 -5.669200e-05;
-1.356200e-04 2.876100e-04;
2.771300e-04 2.428900e-04;
2.771300e-04 2.428900e-04;
1.211700e-04 -4.693400e-05;
1.211700e-04 -4.693400e-05;
-1.356200e-04 2.876100e-04;
-1.356200e-04 2.876100e-04;
-1.061000e-04 3.034600e-04;
3.062300e-04 1.109400e-04;
3.062300e-04 1.109400e-04;
1.185200e-04 -6.883200e-05;
1.185200e-04 -6.883200e-05;
-1.160900e-04 2.952200e-04;
-1.160900e-04 2.952200e-04;
-1.061000e-04 3.034600e-04;
-1.061000e-04 3.034600e-04;
3.009400e-04 1.306700e-04;
3.009400e-04 1.306700e-04;
3.623800e-04 2.470400e-05;
3.623800e-04 2.470400e-05;
-1.285100e-04 3.142900e-04;
-1.285100e-04 3.142900e-04;
-1.292200e-04 3.192400e-04;
-1.292200e-04 3.192400e-04;
-1.278000e-04 2.983400e-04;
-1.278000e-04 2.983400e-04;
3.246400e-04 1.360900e-04;
3.246400e-04 1.360900e-04;
2.867600e-04 1.380100e-04;
2.867600e-04 1.380100e-04;
-1.318800e-04 3.238700e-04;
-1.318800e-04 3.238700e-04;
-1.307700e-04 3.186500e-04;
-1.307700e-04 3.186500e-04;
3.288800e-04 1.390300e-04;
3.288800e-04 1.390300e-04;
2.985100e-04 1.198800e-04;
2.985100e-04 1.198800e-04;
-1.314000e-04 3.226200e-04;
-1.314000e-04 3.226200e-04;
-1.359900e-04 3.278400e-04;
-1.359900e-04 3.278400e-04;
3.333100e-04 1.405500e-04;
3.333100e-04 1.405500e-04;
3.179600e-04 1.326500e-04;
3.179600e-04 1.326500e-04;
-1.272300e-04 3.128800e-04;
-1.272300e-04 3.128800e-04;
-1.204400e-04 2.963200e-04;
-1.204400e-04 2.963200e-04;
-1.382900e-04 3.348800e-04;
-1.382900e-04 3.348800e-04;
3.272800e-04 1.380000e-04;
3.272800e-04 1.380000e-04;
3.251300e-04 1.343200e-04;
3.251300e-04 1.343200e-04;
-1.131500e-04 2.773000e-04;
-1.131500e-04 2.773000e-04;
-1.358100e-04 3.283400e-04;
-1.358100e-04 3.283400e-04;
3.168100e-04 1.335700e-04;
3.168100e-04 1.335700e-04;
2.999500e-04 1.265200e-04;
2.999500e-04 1.265200e-04;
3.311200e-04 1.376100e-04;
3.311200e-04 1.376100e-04;
-1.057100e-04 2.592600e-04;
-1.057100e-04 2.592600e-04;
-1.311800e-04 3.173000e-04;
-1.311800e-04 3.173000e-04;
-9.809400e-05 2.408100e-04;
-9.809400e-05 2.408100e-04;
2.819100e-04 1.185100e-04;
2.819100e-04 1.185100e-04;
3.257800e-04 1.351500e-04;
3.257800e-04 1.351500e-04;
-1.254200e-04 3.044700e-04;
-1.254200e-04 3.044700e-04;
-9.645700e-05 2.317000e-04;
-9.645700e-05 2.317000e-04;
2.622200e-04 1.106100e-04;
2.622200e-04 1.106100e-04;
2.435900e-04 1.023000e-04;
2.435900e-04 1.023000e-04;
3.145700e-04 1.306700e-04;
3.145700e-04 1.306700e-04;
-1.208200e-04 2.917600e-04;
-1.208200e-04 2.917600e-04;
-9.858400e-05 2.374900e-04;
-9.858400e-05 2.374900e-04;
2.370300e-04 9.785000e-05;
2.370300e-04 9.785000e-05;
3.024600e-04 1.258800e-04;
3.024600e-04 1.258800e-04;
-1.147800e-04 2.778100e-04;
-1.147800e-04 2.778100e-04;
2.417400e-04 9.993600e-05;
2.417400e-04 9.993600e-05;
2.879100e-04 1.190300e-04;
2.879100e-04 1.190300e-04;
-1.142300e-04 2.656900e-04;
-1.142300e-04 2.656900e-04;
2.729400e-04 1.132800e-04;
2.729400e-04 1.132800e-04;
-9.473100e-05 2.440200e-04;
-9.473100e-05 2.440200e-04;
2.637300e-04 1.053300e-04;
2.637300e-04 1.053300e-04;
-1.389300e-04 2.377700e-04;
-1.389300e-04 2.377700e-04;
2.334200e-04 1.029500e-04;
2.334200e-04 1.029500e-04;
5.486900e-05 7.436500e-04;
5.486900e-05 7.436500e-04;
2.525700e-04 6.511900e-05;
2.525700e-04 6.511900e-05;
2.875400e-04 6.064600e-04;
2.875400e-04 6.064600e-04;
4.697500e-04 5.377100e-04;
4.697500e-04 5.377100e-04;
2.501200e-04 6.247800e-04;
2.501200e-04 6.247800e-04;
2.082000e-04 5.924700e-04;
2.082000e-04 5.924700e-04;
1.667600e-03 -1.320800e-04;
1.667600e-03 -1.320800e-04;
2.676400e-03 -2.041700e-17;
1.125000e-03 0;
2.681000e-04 6.463300e-04;
2.681000e-04 6.463300e-04;
2.492500e-04 5.821200e-04;
2.492500e-04 5.821200e-04;
1.568800e-03 3.591600e-05;
1.568800e-03 3.591600e-05;
2.613100e-04 6.360300e-04;
2.613100e-04 6.360300e-04;
2.612400e-04 6.352000e-04;
2.612400e-04 6.352000e-04;
1.521700e-03 -8.561600e-06;
1.521700e-03 -8.561600e-06;
1.696700e-03 1.338100e-04;
2.688600e-03 -3.987300e-17;
1.696700e-03 1.338100e-04;
1.125000e-03 0;
2.591700e-04 6.288900e-04;
2.591700e-04 6.288900e-04;
2.488300e-04 6.041800e-04;
2.488300e-04 6.041800e-04;
2.723100e-04 6.557900e-04;
2.723100e-04 6.557900e-04;
1.429700e-03 2.325600e-06;
1.429700e-03 2.325600e-06;
1.341800e-03 5.628600e-08;
1.341800e-03 5.628600e-08;
1.556900e-03 -3.694200e-05;
1.556900e-03 -3.694200e-05;
2.386200e-04 5.779900e-04;
2.386200e-04 5.779900e-04;
2.751000e-04 6.663800e-04;
2.751000e-04 6.663800e-04;
1.252300e-03 1.487500e-06;
1.252300e-03 1.487500e-06;
1.531700e-03 6.822200e-06;
1.531700e-03 6.822200e-06;
2.297200e-04 5.542800e-04;
2.297200e-04 5.542800e-04;
2.709300e-04 6.530200e-04;
2.709300e-04 6.530200e-04;
1.177000e-03 7.176800e-07;
1.177000e-03 7.176800e-07;
1.430800e-03 4.822900e-07;
1.430800e-03 4.822900e-07;
2.153400e-04 5.224000e-04;
2.153400e-04 5.224000e-04;
1.971900e-04 4.820000e-04;
1.971900e-04 4.820000e-04;
2.592900e-04 6.256500e-04;
2.592900e-04 6.256500e-04;
1.094400e-03 -1.474900e-06;
1.094400e-03 -1.474900e-06;
1.327300e-03 -7.453300e-07;
1.327300e-03 -7.453300e-07;
1.771300e-04 4.325600e-04;
1.771300e-04 4.325600e-04;
1.584900e-04 3.995800e-04;
1.584900e-04 3.995800e-04;
2.487500e-04 6.033100e-04;
2.487500e-04 6.033100e-04;
1.012900e-03 1.742700e-06;
1.012900e-03 1.742700e-06;
9.676300e-04 2.142700e-07;
9.676300e-04 2.142700e-07;
1.254900e-03 -2.982800e-06;
1.254900e-03 -2.982800e-06;
8.846000e-04 -2.587400e-06;
8.846000e-04 -2.587400e-06;
1.195000e-04 3.094900e-04;
1.195000e-04 3.094900e-04;
2.402900e-04 5.795600e-04;
2.402900e-04 5.795600e-04;
1.155200e-03 3.839400e-07;
1.155200e-03 3.839400e-07;
2.282400e-04 5.570100e-04;
2.282400e-04 5.570100e-04;
1.064300e-03 4.150000e-07;
1.064300e-03 4.150000e-07;
2.330400e-04 5.767600e-04;
2.330400e-04 5.767600e-04;
9.871400e-04 -7.674900e-07;
9.871400e-04 -7.674900e-07;
2.360300e-04 5.838500e-04;
2.360300e-04 5.838500e-04;
9.340100e-04 3.399200e-08;
9.340100e-04 3.399200e-08;
2.608300e-04 6.096300e-04;
2.608300e-04 6.096300e-04;
8.561600e-04 2.396500e-06;
8.561600e-04 2.396500e-06;
1.794000e-04 -6.455100e-07;
1.794000e-04 -6.455100e-07;
2.589700e-04 -6.072200e-04;
2.589700e-04 -6.072200e-04;
2.347000e-04 -5.771600e-04;
2.347000e-04 -5.771600e-04;
1.238300e-04 -3.202500e-04;
1.238300e-04 -3.202500e-04;
2.335000e-04 -5.792300e-04;
2.335000e-04 -5.792300e-04;
1.649400e-04 -4.142800e-04;
1.649400e-04 -4.142800e-04;
2.311700e-04 -5.650200e-04;
2.311700e-04 -5.650200e-04;
1.845600e-04 -4.529500e-04;
1.845600e-04 -4.529500e-04;
2.452300e-04 -5.915100e-04;
2.452300e-04 -5.915100e-04;
2.092900e-04 -5.107100e-04;
2.092900e-04 -5.107100e-04;
2.562200e-04 -6.196300e-04;
2.562200e-04 -6.196300e-04;
2.292900e-04 -5.543300e-04;
2.292900e-04 -5.543300e-04;
2.651000e-04 -6.414200e-04;
2.651000e-04 -6.414200e-04;
2.448200e-04 -5.921000e-04;
2.448200e-04 -5.921000e-04;
2.704600e-04 -6.532500e-04;
2.704600e-04 -6.532500e-04;
2.567800e-04 -6.232600e-04;
2.567800e-04 -6.232600e-04;
2.678700e-04 -6.483300e-04;
2.678700e-04 -6.483300e-04;
2.669600e-04 -6.478800e-04;
2.669600e-04 -6.478800e-04;
2.580900e-04 -6.215300e-04;
2.580900e-04 -6.215300e-04;
2.483900e-04 -6.037400e-04;
2.483900e-04 -6.037400e-04;
2.691100e-04 -6.511400e-04;
2.691100e-04 -6.511400e-04;
2.398600e-04 -5.596000e-04;
2.398600e-04 -5.596000e-04;
2.605400e-04 -6.347100e-04;
2.605400e-04 -6.347100e-04;
2.025800e-04 -5.797800e-04;
2.025800e-04 -5.797800e-04;
2.559700e-04 -6.160600e-04;
2.559700e-04 -6.160600e-04;
2.281000e-04 -5.743800e-04;
2.281000e-04 -5.743800e-04;
2.658200e-04 -5.522800e-04;
2.658200e-04 -5.522800e-04;
2.658200e-04 -5.522800e-04;
