9.817100e-05 3.200500e-05;
9.752900e-05 3.206500e-05;
7.437900e-05 1.891600e-05;
7.264500e-05 2.900400e-05;
4.779100e-05 -9.419200e-05;
3.640800e-05 -6.079400e-05;
4.303900e-05 -8.500300e-05;
4.355500e-05 -8.665100e-05;
2.835400e-05 -6.694600e-05;
9.984400e-06 -1.963300e-05;
5.797600e-05 -6.358000e-06;
9.984400e-06 -1.963300e-05;
2.112400e-05 6.873700e-06;
2.112400e-05 6.873700e-06;
1.607400e-05 3.801200e-05;
1.607400e-05 3.801200e-05;
8.409500e-05 7.719800e-05;
3.885800e-05 -1.575500e-05;
3.885800e-05 -1.575500e-05;
-3.111300e-05 7.673500e-05;
-3.111300e-05 7.673500e-05;
9.539500e-06 2.287100e-04;
7.792100e-05 3.295800e-05;
7.792100e-05 3.295800e-05;
1.493700e-03 1.345200e-17;
1.071700e-03 -9.476700e-18;
1.434200e-03 2.292300e-05;
1.424000e-03 -2.736800e-05;
2.996400e-04 4.394300e-06;
2.996400e-04 4.394300e-06;
9.029600e-04 3.869000e-04;
6.106100e-05 1.317500e-04;
6.106100e-05 1.317500e-04;
2.884000e-04 -3.911500e-06;
6.050900e-05 -1.307900e-04;
2.884000e-04 -3.911500e-06;
6.050900e-05 -1.307900e-04;
6.050900e-05 -1.307900e-04;
6.700100e-05 2.264600e-05;
9.722500e-05 3.204700e-05;
6.747500e-05 2.231200e-05;
6.668300e-05 2.117000e-05;
9.688000e-05 3.173400e-05;
6.497600e-05 2.071400e-05;
6.857100e-05 2.259300e-05;
2.778400e-05 -5.720500e-05;
9.147700e-05 3.028400e-05;
9.223400e-05 3.006800e-05;
6.152400e-05 2.009500e-05;
6.471200e-05 2.145300e-05;
4.203400e-05 -8.363200e-05;
2.956600e-05 -5.728100e-05;
2.815700e-05 -5.545500e-05;
4.778500e-05 -9.404000e-05;
3.025900e-05 -5.785300e-05;
9.737100e-05 3.228700e-05;
9.228200e-05 3.000500e-05;
5.775500e-05 1.871000e-05;
6.131000e-05 2.047900e-05;
4.383600e-05 -8.683500e-05;
2.738400e-05 -5.368800e-05;
4.533500e-05 -8.968300e-05;
3.026300e-05 -6.047400e-05;
9.615000e-05 3.134100e-05;
9.151300e-05 2.998600e-05;
5.412200e-05 1.746700e-05;
8.428600e-05 2.747900e-05;
5.103700e-05 1.663800e-05;
5.834900e-05 1.930200e-05;
4.316100e-05 -8.491000e-05;
2.598700e-05 -5.093700e-05;
4.501900e-05 -8.941200e-05;
2.935500e-05 -5.889400e-05;
9.744800e-05 3.179600e-05;
8.072100e-05 2.618000e-05;
4.769900e-05 1.544300e-05;
9.865300e-05 3.260500e-05;
5.615300e-05 1.859500e-05;
4.277200e-05 -8.407800e-05;
2.474600e-05 -4.834100e-05;
4.011200e-05 -7.876700e-05;
2.312200e-05 -4.544200e-05;
4.558100e-05 -9.022000e-05;
2.859200e-05 -5.676300e-05;
8.853300e-05 2.910700e-05;
8.177300e-05 2.683000e-05;
4.484300e-05 1.461600e-05;
1.005400e-04 3.330300e-05;
8.106600e-05 2.708900e-05;
4.301100e-05 1.418000e-05;
5.354300e-05 1.791500e-05;
3.927600e-05 -7.773800e-05;
2.181100e-05 -4.261600e-05;
4.638500e-05 -9.280400e-05;
4.681800e-05 -9.222800e-05;
2.751900e-05 -5.445400e-05;
8.530100e-05 2.841400e-05;
1.002300e-04 3.354800e-05;
9.889900e-05 3.386600e-05;
7.379600e-05 2.561100e-05;
4.256300e-05 1.459400e-05;
5.020700e-05 1.680100e-05;
3.785300e-05 -7.440000e-05;
2.037000e-05 -3.995800e-05;
3.507000e-05 -6.996400e-05;
1.949600e-05 -3.883300e-05;
4.764500e-05 -9.425000e-05;
4.187900e-05 -8.339300e-05;
2.594600e-05 -5.207800e-05;
8.754100e-05 2.986800e-05;
9.807000e-05 3.487200e-05;
9.656700e-05 3.448900e-05;
7.450400e-05 2.586900e-05;
4.331900e-05 1.395900e-05;
4.800200e-05 1.650900e-05;
3.233600e-05 -6.627200e-05;
1.939300e-05 -3.924100e-05;
4.293200e-05 -8.880300e-05;
4.751500e-05 -9.549700e-05;
4.044300e-05 -8.068300e-05;
2.441400e-05 -4.900500e-05;
7.921400e-05 2.797600e-05;
2.064800e-05 -4.020200e-05;
9.858300e-05 3.378500e-05;
9.526400e-05 2.947100e-05;
6.823300e-05 1.854400e-05;
4.433900e-05 1.533200e-05;
3.261900e-05 -6.700700e-05;
3.233900e-05 -5.952200e-05;
4.291100e-05 -8.979000e-05;
4.580100e-05 -9.470600e-05;
3.881100e-05 -7.930300e-05;
2.324900e-05 -4.656100e-05;
7.906400e-05 2.584400e-05;
5.797600e-05 -6.358000e-06;
4.780900e-05 -4.300900e-05;
1.058100e-04 2.007600e-05;
9.607500e-05 7.283000e-06;
7.472200e-05 1.783200e-04;
5.273300e-05 1.564100e-05;
4.661500e-05 -8.827100e-05;
5.186200e-05 -7.460900e-05;
4.611900e-05 -9.284700e-05;
3.566900e-05 -7.427900e-05;
2.214000e-05 -4.527600e-05;
1.001800e-04 1.109700e-05;
9.085700e-05 -3.105600e-05;
7.374800e-05 -6.609100e-05;
1.305700e-04 -2.266500e-05;
7.193100e-05 1.550500e-04;
4.049800e-05 9.887400e-05;
5.934900e-05 1.622600e-04;
7.820000e-05 1.875300e-04;
1.036600e-04 -1.357600e-05;
6.231100e-05 -8.983100e-05;
4.124500e-05 -7.539800e-05;
2.070600e-05 -4.252800e-05;
1.486600e-04 -3.351400e-05;
1.114200e-04 -7.523800e-05;
1.567000e-04 -6.444500e-05;
4.217700e-05 9.925300e-05;
6.803400e-05 1.618000e-04;
4.174900e-05 9.859800e-05;
6.753400e-05 1.617900e-04;
7.894100e-05 1.866400e-04;
1.561600e-04 -5.485300e-05;
9.381300e-05 -3.932600e-05;
8.648200e-05 -8.188100e-05;
2.592700e-05 -4.813000e-05;
1.799600e-04 -7.454800e-05;
1.341600e-04 -8.085900e-05;
4.219700e-05 1.008300e-04;
6.937000e-05 1.656000e-04;
4.322100e-05 1.031300e-04;
7.631400e-05 1.846300e-04;
1.617400e-04 -6.630800e-05;
9.484000e-05 -3.834600e-05;
1.880200e-04 -7.692500e-05;
8.323400e-05 -6.374100e-05;
1.530200e-04 -6.763800e-05;
4.314500e-05 1.049900e-04;
7.534400e-05 1.785100e-04;
4.460700e-05 1.048800e-04;
7.131000e-05 1.698500e-04;
7.009100e-05 1.658300e-04;
4.413500e-05 1.054000e-04;
1.669800e-04 -6.778400e-05;
1.002500e-04 -4.094400e-05;
1.890000e-04 -7.764400e-05;
1.587600e-04 -6.527800e-05;
9.555700e-05 -3.800700e-05;
4.554600e-05 1.084500e-04;
7.768500e-05 1.847500e-04;
7.368400e-05 1.776400e-04;
4.432200e-05 1.054200e-04;
1.726600e-04 -7.122500e-05;
1.036300e-04 -4.203200e-05;
1.876100e-04 -7.599100e-05;
1.597100e-04 -6.564600e-05;
9.647400e-05 -4.000900e-05;
4.604600e-05 1.109000e-04;
7.551300e-05 1.826000e-04;
7.418800e-05 1.766100e-04;
4.308700e-05 1.024600e-04;
1.724200e-04 -7.068500e-05;
1.056400e-04 -4.317400e-05;
1.765700e-04 -7.227100e-05;
1.032100e-04 -4.237200e-05;
4.514400e-05 1.088200e-04;
7.703200e-05 1.842800e-04;
7.368200e-05 1.758700e-04;
4.147500e-05 9.815800e-05;
7.040100e-05 1.671500e-04;
3.908800e-05 9.283800e-05;
1.754200e-04 -7.150600e-05;
1.052300e-04 -4.294100e-05;
1.748400e-04 -7.274900e-05;
1.066900e-04 -4.432500e-05;
4.366000e-05 1.050100e-04;
7.879500e-05 1.871600e-04;
7.911900e-05 1.896700e-04;
6.383900e-05 1.528800e-04;
3.652700e-05 8.710300e-05;
1.725300e-04 -7.106100e-05;
1.025800e-04 -4.175200e-05;
1.815500e-04 -7.438300e-05;
1.090400e-04 -4.478100e-05;
4.221000e-05 1.014000e-04;
7.246600e-05 1.735900e-04;
7.963900e-05 1.926600e-04;
6.529100e-05 1.563400e-04;
3.425000e-05 8.162600e-05;
6.062300e-05 1.487300e-04;
3.238500e-05 7.915000e-05;
1.708000e-04 -6.971000e-05;
9.845600e-05 -4.018100e-05;
1.667700e-04 -6.763500e-05;
9.365900e-05 -3.804900e-05;
1.740100e-04 -7.075500e-05;
1.076100e-04 -4.467400e-05;
4.034900e-05 9.743800e-05;
6.911000e-05 1.667200e-04;
5.726700e-05 1.436800e-04;
3.219900e-05 7.903200e-05;
7.943500e-05 1.942300e-04;
7.178500e-05 1.824400e-04;
1.505100e-04 -6.184100e-05;
8.727700e-05 -3.559100e-05;
1.896500e-04 -7.845600e-05;
1.779700e-04 -7.349700e-05;
1.056400e-04 -4.329300e-05;
3.863700e-05 9.355100e-05;
6.668300e-05 1.655100e-04;
5.692200e-05 1.380700e-04;
3.362400e-05 7.771800e-05;
7.193700e-05 1.813600e-04;
7.612800e-05 1.924900e-04;
5.497300e-05 1.141400e-04;
1.442200e-04 -6.049700e-05;
8.218000e-05 -3.368100e-05;
7.950600e-05 -3.328200e-05;
1.528900e-04 -6.236900e-05;
1.921300e-04 -7.933300e-05;
1.632000e-04 -6.762200e-05;
1.017800e-04 -4.210700e-05;
3.633600e-05 9.059900e-05;
6.166000e-05 1.559600e-04;
7.990300e-05 -3.147500e-05;
8.015700e-05 1.745900e-04;
7.863200e-05 1.918300e-04;
8.409500e-05 7.719800e-05;
9.242400e-05 1.433000e-04;
1.346300e-04 -5.789500e-05;
7.954300e-05 -3.345400e-05;
1.787500e-04 -7.747600e-05;
1.939000e-04 -8.135000e-05;
1.606600e-04 -6.651400e-05;
9.705400e-05 -4.024500e-05;
3.499400e-05 8.534400e-05;
7.376500e-05 1.590600e-04;
1.355500e-04 -5.671000e-05;
1.220000e-04 -4.412000e-05;
1.178600e-04 -2.672700e-06;
1.572200e-04 6.047200e-05;
1.129700e-04 1.823100e-04;
1.512200e-04 1.273300e-04;
1.794700e-04 -7.805800e-05;
1.894700e-04 -8.153000e-05;
1.571100e-04 -6.697000e-05;
9.271500e-05 -3.842100e-05;
4.546000e-05 1.010000e-04;
1.214000e-04 1.634700e-04;
1.813600e-04 -6.749700e-05;
1.728500e-04 -3.722800e-05;
2.004800e-04 9.240600e-06;
2.205200e-04 8.667600e-05;
2.004100e-04 1.597500e-04;
1.879000e-04 -7.892700e-05;
1.491100e-04 -6.465200e-05;
8.935200e-05 -3.803700e-05;
-1.430100e-04 3.530100e-04;
1.705800e-04 1.354000e-04;
2.520700e-04 1.669100e-04;
2.094200e-04 -4.835100e-05;
2.530300e-04 2.173700e-05;
2.921900e-04 1.185000e-04;
1.625300e-04 -5.983500e-05;
8.300400e-05 -3.521000e-05;
-1.146700e-04 3.160700e-04;
-8.299000e-05 1.971900e-04;
-1.539100e-04 3.749700e-04;
-1.475400e-04 3.147500e-04;
3.133900e-04 1.511800e-04;
2.019000e-04 8.391700e-05;
3.530000e-04 1.438500e-04;
2.136800e-04 -1.699800e-05;
2.964200e-04 6.265900e-05;
1.018500e-04 -3.807200e-05;
-1.328400e-04 3.249200e-04;
-8.008700e-05 1.979300e-04;
-1.520400e-04 3.738300e-04;
-1.374600e-04 3.364500e-04;
-8.035800e-05 2.006300e-04;
3.312900e-04 1.397100e-04;
2.024900e-04 8.525900e-05;
3.733800e-04 1.566600e-04;
3.092300e-04 1.162800e-04;
2.135700e-04 2.422600e-05;
-1.381800e-04 3.371800e-04;
-8.522700e-05 2.071600e-04;
-1.488500e-04 3.575400e-04;
-8.359200e-05 2.014900e-04;
3.478100e-04 1.442100e-04;
2.125200e-04 8.966800e-05;
3.728900e-04 1.570600e-04;
3.209500e-04 1.341800e-04;
1.968000e-04 8.481400e-05;
-1.489600e-04 3.678000e-04;
-8.470400e-05 2.116600e-04;
-1.346300e-04 3.304600e-04;
-8.742400e-05 2.130500e-04;
-1.409700e-04 3.427900e-04;
-8.681200e-05 2.092300e-04;
3.451300e-04 1.445400e-04;
2.167100e-04 9.128400e-05;
3.526700e-04 1.468600e-04;
2.001500e-04 8.312800e-05;
-1.453100e-04 3.517600e-04;
-8.711300e-05 2.128400e-04;
-1.534300e-04 3.771300e-04;
-8.838200e-05 2.166600e-04;
3.456000e-04 1.445500e-04;
2.192500e-04 9.250000e-05;
3.510300e-04 1.458000e-04;
2.096100e-04 8.686300e-05;
-1.460300e-04 3.571200e-04;
-8.449300e-05 2.076200e-04;
-1.499100e-04 3.633200e-04;
-9.117300e-05 2.197200e-04;
3.442200e-04 1.451800e-04;
2.158000e-04 9.015500e-05;
3.492800e-04 1.462800e-04;
2.146800e-04 8.860700e-05;
-1.431700e-04 3.499600e-04;
-8.031400e-05 1.981800e-04;
-1.331800e-04 3.269000e-04;
-7.642300e-05 1.870700e-04;
-1.504100e-04 3.661800e-04;
-8.930400e-05 2.166000e-04;
3.607400e-04 1.515000e-04;
2.094700e-04 8.862800e-05;
3.506600e-04 1.453300e-04;
2.173500e-04 9.073900e-05;
-1.258800e-04 3.061000e-04;
-7.171200e-05 1.750700e-04;
-1.562500e-04 3.794500e-04;
-1.541800e-04 3.777400e-04;
-8.659600e-05 2.102100e-04;
3.457400e-04 1.441800e-04;
2.006700e-04 8.453200e-05;
3.363600e-04 1.428900e-04;
1.891000e-04 7.937800e-05;
3.491500e-04 1.475000e-04;
2.150000e-04 8.912000e-05;
-1.265800e-04 3.064200e-04;
-6.694600e-05 1.643800e-04;
-1.128500e-04 2.688800e-04;
-6.662400e-05 1.577000e-04;
-1.599300e-04 3.849600e-04;
-1.424000e-04 3.471200e-04;
-8.373200e-05 2.026200e-04;
3.208900e-04 1.339600e-04;
1.778000e-04 7.495900e-05;
3.788100e-04 1.563200e-04;
3.585600e-04 1.493900e-04;
2.080800e-04 8.709700e-05;
-1.205200e-04 2.804000e-04;
-6.630600e-05 1.577600e-04;
-1.549800e-04 3.533000e-04;
-1.633200e-04 3.890200e-04;
-1.339500e-04 3.240000e-04;
-8.089000e-05 1.949400e-04;
3.063000e-04 1.285000e-04;
1.659100e-04 6.949400e-05;
2.898200e-04 1.185500e-04;
1.613500e-04 6.597100e-05;
3.841400e-04 1.607800e-04;
3.315000e-04 1.371000e-04;
2.020200e-04 8.386500e-05;
-1.113400e-04 2.655000e-04;
-6.266100e-05 1.578500e-04;
-8.126300e-05 2.378500e-04;
-1.566000e-04 3.586400e-04;
-1.656300e-04 3.801100e-04;
-1.331700e-04 3.144500e-04;
-7.775200e-05 1.872800e-04;
1.587300e-04 6.892200e-05;
2.741100e-04 1.086200e-04;
1.612800e-04 6.554000e-05;
3.640200e-04 1.436300e-04;
3.897500e-04 1.587300e-04;
3.295400e-04 1.368100e-04;
1.922600e-04 7.963900e-05;
9.539500e-06 2.287100e-04;
-1.341500e-04 3.624100e-04;
-7.410700e-05 3.432400e-04;
-1.579100e-04 3.775200e-04;
-1.303500e-04 2.968500e-04;
-7.706600e-05 1.798800e-04;
2.807200e-04 1.153100e-04;
2.376700e-04 1.145200e-04;
1.697300e-04 1.648900e-04;
1.374900e-04 3.108200e-04;
3.702000e-04 1.448200e-04;
3.834500e-04 1.518000e-04;
3.223500e-04 1.292400e-04;
1.847700e-04 7.631400e-05;
3.190500e-05 3.958300e-04;
-9.877400e-05 4.165100e-04;
-1.209100e-04 3.257400e-04;
-7.120700e-05 1.691000e-04;
3.518300e-04 1.612100e-04;
2.982200e-04 1.917400e-04;
2.707400e-04 2.987400e-04;
1.886000e-04 4.354200e-04;
3.772500e-04 1.537300e-04;
3.150200e-04 1.233800e-04;
1.784600e-04 7.177000e-05;
5.519000e-05 5.095700e-04;
-5.659200e-05 4.051700e-04;
-7.864600e-05 2.090900e-04;
2.458000e-04 5.795600e-04;
3.648300e-04 2.256600e-04;
3.271300e-04 3.902600e-04;
3.120800e-04 1.438600e-04;
1.659900e-04 6.724900e-05;
1.205400e-04 5.920700e-04;
5.336200e-05 4.375700e-04;
2.969200e-04 7.023000e-04;
3.307800e-04 5.058300e-04;
3.222000e-04 2.659700e-04;
1.942100e-04 8.745400e-05;
2.388600e-04 6.660300e-04;
1.729700e-04 4.126100e-04;
3.079300e-04 7.480800e-04;
2.728400e-04 6.010100e-04;
2.658100e-04 3.327300e-04;
2.781800e-04 6.638900e-04;
1.713500e-04 4.159500e-04;
3.100900e-04 7.415000e-04;
2.623000e-04 6.331400e-04;
1.571800e-04 3.927500e-04;
1.056400e-03 -5.681300e-05;
2.839100e-04 6.885900e-04;
1.756700e-04 4.262000e-04;
2.808700e-04 6.783700e-04;
1.642000e-04 3.942800e-04;
1.069400e-03 5.769200e-05;
1.650300e-03 3.426700e-06;
1.029800e-03 8.541400e-06;
2.842800e-04 6.901200e-04;
1.734900e-04 4.211400e-04;
2.937500e-04 7.102200e-04;
1.715400e-04 4.173300e-04;
1.022200e-03 -9.313100e-06;
1.553800e-03 -2.897800e-06;
9.834600e-04 -3.693500e-06;
1.513600e-03 -1.204600e-05;
2.885700e-04 7.035100e-04;
1.713900e-04 4.157900e-04;
2.854700e-04 6.955500e-04;
1.797300e-04 4.313500e-04;
1.463700e-03 9.234700e-07;
9.379400e-04 4.180800e-06;
9.909200e-04 -2.328900e-06;
1.593300e-03 4.355500e-06;
2.873400e-04 7.026300e-04;
1.642500e-04 4.008300e-04;
2.726200e-04 6.559100e-04;
1.605100e-04 3.858900e-04;
2.863600e-04 6.948300e-04;
1.804800e-04 4.377300e-04;
1.567700e-03 4.709100e-06;
8.891000e-04 -2.560800e-06;
1.412900e-03 2.504400e-07;
8.380500e-04 3.301100e-07;
9.387100e-04 5.636400e-06;
1.458800e-03 3.736200e-06;
2.923100e-04 6.975800e-04;
1.543900e-04 3.727700e-04;
2.985700e-04 7.180200e-04;
1.778400e-04 4.304400e-04;
1.294200e-03 2.397600e-06;
7.883900e-04 1.459500e-06;
1.611400e-03 2.177500e-06;
1.573800e-03 -8.509400e-06;
8.795400e-04 -5.174400e-06;
2.652400e-04 6.457800e-04;
1.449900e-04 3.521600e-04;
3.074200e-04 7.459400e-04;
2.793700e-04 6.714300e-04;
1.725100e-04 4.144500e-04;
1.319900e-03 1.096000e-08;
7.404300e-04 -1.225400e-06;
1.621500e-03 3.935400e-06;
1.338600e-03 -4.337000e-06;
8.400100e-04 2.063300e-06;
2.577100e-04 6.294300e-04;
1.338000e-04 3.281100e-04;
2.409600e-04 5.997000e-04;
1.227700e-04 3.012400e-04;
3.089200e-04 7.552400e-04;
2.610200e-04 6.336400e-04;
1.657000e-04 4.016900e-04;
1.265200e-03 -3.582800e-06;
6.929900e-04 1.241200e-06;
1.639200e-03 -2.883400e-06;
1.308700e-03 4.679500e-06;
7.778900e-04 3.653800e-07;
2.213000e-04 5.591800e-04;
1.107600e-04 2.812600e-04;
1.945500e-04 5.028500e-04;
9.664500e-05 2.497400e-04;
2.933400e-04 7.423300e-04;
3.038100e-04 7.542300e-04;
2.601800e-04 6.356400e-04;
1.601100e-04 3.867200e-04;
1.181600e-03 3.880100e-06;
6.585700e-04 -1.235600e-07;
1.528600e-03 2.407200e-06;
1.136900e-03 -2.621800e-06;
6.144200e-04 -3.034500e-06;
1.586900e-03 9.645800e-07;
1.242900e-03 -8.929800e-07;
7.201300e-04 6.469800e-07;
1.057000e-03 2.540200e-06;
6.207600e-04 1.339700e-05;
1.403500e-04 2.749800e-04;
1.001900e-03 7.067800e-05;
2.094600e-04 4.916700e-04;
2.762900e-04 7.138200e-04;
2.703500e-04 6.647300e-04;
2.948700e-04 7.551400e-04;
2.694300e-04 6.749900e-04;
1.526400e-04 3.756700e-04;
1.605400e-03 1.862500e-06;
1.535000e-03 3.429800e-06;
1.503300e-03 2.868300e-07;
1.144300e-03 1.038500e-06;
6.775600e-04 -3.198300e-07;
1.454200e-03 2.198700e-05;
3.699600e-04 5.086500e-04;
9.029600e-04 3.869000e-04;
1.375100e-03 1.405300e-04;
3.698000e-04 6.704600e-04;
3.189200e-04 7.636700e-04;
2.522900e-04 6.422000e-04;
1.522100e-04 3.774800e-04;
1.604900e-03 2.659900e-06;
1.560100e-03 -4.483100e-06;
1.092500e-03 -1.149700e-06;
6.372300e-04 4.711100e-07;
1.577400e-03 -3.992900e-06;
6.746400e-04 5.945100e-04;
1.096200e-03 3.133800e-04;
1.380700e-03 4.218800e-06;
4.514700e-04 6.711300e-04;
2.936200e-04 6.143400e-04;
1.532400e-04 3.794000e-04;
1.442900e-03 -1.819400e-05;
1.068900e-03 3.053900e-06;
5.956600e-04 3.016300e-06;
1.389200e-03 -1.349800e-04;
7.018200e-04 4.042800e-04;
9.746800e-04 6.649100e-06;
1.125800e-03 -2.896200e-04;
3.936200e-04 3.581500e-04;
1.657700e-04 3.252800e-04;
1.050000e-03 -6.418400e-05;
5.981700e-04 -1.309100e-05;
9.880400e-04 -3.569800e-04;
4.845700e-04 -3.419300e-05;
7.205300e-04 -4.206100e-04;
7.210800e-04 -5.681500e-04;
1.800600e-04 2.430600e-06;
3.665300e-04 -4.779000e-04;
3.821200e-04 -6.287300e-04;
3.414600e-04 -4.636500e-04;
4.378500e-04 -6.999000e-04;
1.649100e-04 -3.254000e-04;
2.914900e-04 -6.779300e-04;
1.977400e-04 -4.449600e-04;
1.364200e-04 -2.743300e-04;
2.880600e-04 -6.193800e-04;
3.081700e-04 -7.620300e-04;
1.532800e-04 -3.753100e-04;
2.719800e-04 -7.024800e-04;
1.927600e-04 -4.853800e-04;
9.956400e-05 -2.562200e-04;
2.455900e-04 -6.281800e-04;
2.941200e-04 -7.533100e-04;
1.520200e-04 -3.784300e-04;
2.951000e-04 -7.471000e-04;
2.084900e-04 -5.333000e-04;
1.155900e-04 -2.914400e-04;
2.652600e-04 -6.658400e-04;
1.549500e-04 -3.805300e-04;
3.075400e-04 -7.557000e-04;
2.374300e-04 -5.895400e-04;
1.276800e-04 -3.149100e-04;
2.723100e-04 -6.647900e-04;
1.627800e-04 -3.933900e-04;
3.108200e-04 -7.569500e-04;
2.507300e-04 -6.105000e-04;
1.413200e-04 -3.444700e-04;
2.721500e-04 -6.563200e-04;
1.711700e-04 -4.120000e-04;
3.118800e-04 -7.473400e-04;
2.638300e-04 -6.349400e-04;
1.538800e-04 -3.720300e-04;
2.926200e-04 -7.084300e-04;
1.745600e-04 -4.242000e-04;
2.842200e-04 -6.892700e-04;
1.628200e-04 -3.947800e-04;
2.886800e-04 -6.998900e-04;
1.785500e-04 -4.296500e-04;
2.914800e-04 -7.105600e-04;
1.693800e-04 -4.122900e-04;
2.970300e-04 -7.203000e-04;
1.755400e-04 -4.260400e-04;
2.856100e-04 -6.919700e-04;
1.763200e-04 -4.263700e-04;
2.919700e-04 -7.081700e-04;
1.709200e-04 -4.132900e-04;
2.840200e-04 -6.856100e-04;
1.779400e-04 -4.297200e-04;
2.804800e-04 -6.824700e-04;
1.576600e-04 -3.791300e-04;
1.652600e-04 -3.987100e-04;
2.876900e-04 -6.919500e-04;
2.930300e-04 -7.134300e-04;
1.711900e-04 -4.194300e-04;
2.708500e-04 -6.534700e-04;
1.547800e-04 -3.849300e-04;
3.092700e-04 -7.420400e-04;
2.917800e-04 -7.083800e-04;
1.687400e-04 -4.076100e-04;
2.913800e-04 -6.130400e-04;
3.105100e-04 -7.468800e-04;
2.721500e-04 -6.569800e-04;
1.584000e-04 -3.860100e-04;
2.883900e-04 -7.079000e-04;
2.317600e-04 -6.290300e-04;
1.634100e-04 -3.801600e-04;
4.206100e-05 9.621500e-06;
3.316800e-05 1.168000e-05;
4.206100e-05 9.621500e-06;
3.316800e-05 1.168000e-05;
3.642900e-05 1.176900e-05;
3.642900e-05 1.176900e-05;
3.342200e-05 1.024300e-05;
3.342200e-05 1.024300e-05;
4.065800e-05 1.741900e-05;
3.339700e-05 1.076400e-05;
3.339700e-05 1.076400e-05;
3.651700e-05 1.214400e-05;
3.651700e-05 1.214400e-05;
1.344900e-05 -2.771700e-05;
1.344900e-05 -2.771700e-05;
2.042200e-05 -3.329100e-05;
2.042200e-05 -3.329100e-05;
1.550700e-05 -3.029100e-05;
1.550700e-05 -3.029100e-05;
3.172200e-05 1.027600e-05;
3.172200e-05 1.027600e-05;
3.339800e-05 1.122400e-05;
3.339800e-05 1.122400e-05;
1.436600e-05 -2.802100e-05;
1.436600e-05 -2.802100e-05;
2.931100e-05 9.453500e-06;
2.931100e-05 9.453500e-06;
2.720900e-05 8.800000e-06;
2.720900e-05 8.800000e-06;
1.487700e-05 -2.833200e-05;
1.521700e-05 -3.723000e-05;
1.487700e-05 -2.833200e-05;
1.521700e-05 -3.723000e-05;
3.172000e-05 1.055800e-05;
3.172000e-05 1.055800e-05;
1.395900e-05 -2.739100e-05;
1.395900e-05 -2.739100e-05;
2.536900e-05 8.224700e-06;
2.536900e-05 8.224700e-06;
1.604500e-05 -3.207900e-05;
1.604500e-05 -3.207900e-05;
2.953000e-05 9.850600e-06;
2.953000e-05 9.850600e-06;
1.309400e-05 -2.554100e-05;
1.309400e-05 -2.554100e-05;
1.231900e-05 -2.410200e-05;
1.231900e-05 -2.410200e-05;
2.359600e-05 7.612900e-06;
2.359600e-05 7.612900e-06;
1.502900e-05 -3.015400e-05;
1.502900e-05 -3.015400e-05;
2.836900e-05 9.356300e-06;
2.836900e-05 9.356300e-06;
1.150000e-05 -2.249000e-05;
1.150000e-05 -2.249000e-05;
2.202200e-05 7.123700e-06;
2.202200e-05 7.123700e-06;
1.467900e-05 -2.926700e-05;
1.467900e-05 -2.926700e-05;
2.685700e-05 8.995700e-06;
2.685700e-05 8.995700e-06;
1.072300e-05 -2.094500e-05;
1.072300e-05 -2.094500e-05;
9.953100e-06 -1.947000e-05;
9.953100e-06 -1.947000e-05;
2.097300e-05 6.863400e-06;
2.097300e-05 6.863400e-06;
1.382700e-05 -2.763300e-05;
1.382700e-05 -2.763300e-05;
2.487700e-05 8.302400e-06;
2.487700e-05 8.302400e-06;
9.540000e-06 -1.884400e-05;
9.540000e-06 -1.884400e-05;
2.096500e-05 6.959300e-06;
2.096500e-05 6.959300e-06;
1.311800e-05 -2.613300e-05;
1.311800e-05 -2.613300e-05;
2.390400e-05 8.211400e-06;
2.390400e-05 8.211400e-06;
9.647800e-06 -1.913800e-05;
9.647800e-06 -1.913800e-05;
1.220000e-05 -2.449700e-05;
1.220000e-05 -2.449700e-05;
2.192600e-05 6.889800e-06;
2.192600e-05 6.889800e-06;
1.153100e-05 -2.303300e-05;
1.153100e-05 -2.303300e-05;
1.809800e-05 4.973300e-05;
2.162500e-05 9.911700e-06;
2.162500e-05 9.911700e-06;
1.101200e-05 -2.257500e-05;
1.101200e-05 -2.257500e-05;
2.300700e-05 4.830600e-05;
1.809800e-05 4.973300e-05;
1.809800e-05 4.973300e-05;
5.797800e-05 -4.953700e-06;
5.797800e-05 -4.953700e-06;
1.069300e-05 -2.043700e-05;
1.069300e-05 -2.043700e-05;
2.300700e-05 4.830600e-05;
2.300700e-05 4.830600e-05;
2.113600e-05 4.869000e-05;
2.113600e-05 4.869000e-05;
4.524400e-05 -2.125300e-05;
4.524400e-05 -2.125300e-05;
8.182800e-06 -2.228100e-05;
8.182800e-06 -2.228100e-05;
2.016200e-05 5.023400e-05;
2.016200e-05 5.023400e-05;
2.186000e-05 5.205100e-05;
2.186000e-05 5.205100e-05;
2.231500e-05 5.274200e-05;
2.231500e-05 5.274200e-05;
4.695000e-05 -1.845500e-05;
4.695000e-05 -1.845500e-05;
4.480100e-05 -3.757000e-05;
4.480100e-05 -3.757000e-05;
2.224700e-05 5.325000e-05;
2.224700e-05 5.325000e-05;
2.254700e-05 5.342200e-05;
2.254700e-05 5.342200e-05;
5.058500e-05 -2.070500e-05;
5.058500e-05 -2.070500e-05;
4.770700e-05 -1.679100e-05;
4.770700e-05 -1.679100e-05;
2.272300e-05 5.489400e-05;
2.272300e-05 5.489400e-05;
2.233100e-05 5.300100e-05;
2.233100e-05 5.300100e-05;
5.205300e-05 -2.110900e-05;
5.205300e-05 -2.110900e-05;
4.757300e-05 -2.024300e-05;
4.757300e-05 -2.024300e-05;
2.339900e-05 5.630000e-05;
2.339900e-05 5.630000e-05;
2.168100e-05 5.143000e-05;
2.168100e-05 5.143000e-05;
2.065400e-05 4.896700e-05;
2.065400e-05 4.896700e-05;
5.334500e-05 -2.174000e-05;
5.334500e-05 -2.174000e-05;
5.208000e-05 -2.142900e-05;
5.208000e-05 -2.142900e-05;
2.283400e-05 5.513600e-05;
2.283400e-05 5.513600e-05;
1.932500e-05 4.593100e-05;
1.932500e-05 4.593100e-05;
5.298300e-05 -2.155300e-05;
5.298300e-05 -2.155300e-05;
5.366200e-05 -2.228000e-05;
5.366200e-05 -2.228000e-05;
2.195500e-05 5.292700e-05;
2.195500e-05 5.292700e-05;
1.804100e-05 4.279900e-05;
1.804100e-05 4.279900e-05;
5.140600e-05 -2.091300e-05;
5.140600e-05 -2.091300e-05;
4.910000e-05 -1.999100e-05;
4.910000e-05 -1.999100e-05;
5.531200e-05 -2.286100e-05;
5.531200e-05 -2.286100e-05;
2.113300e-05 5.069800e-05;
2.113300e-05 5.069800e-05;
1.676800e-05 3.984300e-05;
1.676800e-05 3.984300e-05;
4.627100e-05 -1.883300e-05;
4.627100e-05 -1.883300e-05;
5.456500e-05 -2.255300e-05;
5.456500e-05 -2.255300e-05;
2.013800e-05 4.861600e-05;
2.013800e-05 4.861600e-05;
1.591900e-05 3.839900e-05;
1.591900e-05 3.839900e-05;
4.294900e-05 -1.745500e-05;
4.294900e-05 -1.745500e-05;
4.015500e-05 -1.638900e-05;
4.015500e-05 -1.638900e-05;
5.302300e-05 -2.189200e-05;
5.302300e-05 -2.189200e-05;
1.919600e-05 4.622200e-05;
1.919600e-05 4.622200e-05;
1.607300e-05 3.872300e-05;
1.607300e-05 3.872300e-05;
3.872700e-05 -1.602300e-05;
3.872700e-05 -1.602300e-05;
5.092700e-05 -2.099100e-05;
5.092700e-05 -2.099100e-05;
1.804200e-05 4.496900e-05;
1.804200e-05 4.496900e-05;
3.920800e-05 -1.618700e-05;
3.920800e-05 -1.618700e-05;
4.845500e-05 -2.011500e-05;
4.845500e-05 -2.011500e-05;
1.829400e-05 4.114700e-05;
1.829400e-05 4.114700e-05;
4.578700e-05 -1.889400e-05;
4.578700e-05 -1.889400e-05;
1.244700e-05 4.603200e-05;
1.244700e-05 4.603200e-05;
4.439600e-05 -1.894900e-05;
4.439600e-05 -1.894900e-05;
-4.521500e-05 9.581300e-05;
9.265800e-05 8.155500e-05;
9.265800e-05 8.155500e-05;
4.088600e-05 -1.577700e-05;
4.088600e-05 -1.577700e-05;
-4.521500e-05 9.581300e-05;
-4.521500e-05 9.581300e-05;
-3.531900e-05 1.011400e-04;
1.021000e-04 3.694100e-05;
1.021000e-04 3.694100e-05;
4.045200e-05 -2.333300e-05;
4.045200e-05 -2.333300e-05;
-3.866900e-05 9.831000e-05;
-3.866900e-05 9.831000e-05;
-3.531900e-05 1.011400e-04;
-3.531900e-05 1.011400e-04;
1.002300e-04 4.352800e-05;
1.002300e-04 4.352800e-05;
1.214000e-04 8.027400e-06;
1.214000e-04 8.027400e-06;
-4.284300e-05 1.047800e-04;
-4.284300e-05 1.047800e-04;
-4.309500e-05 1.064300e-04;
-4.309500e-05 1.064300e-04;
-4.254600e-05 9.932500e-05;
-4.254600e-05 9.932500e-05;
1.082400e-04 4.536600e-05;
1.082400e-04 4.536600e-05;
9.554100e-05 4.602200e-05;
9.554100e-05 4.602200e-05;
-4.396300e-05 1.080100e-04;
-4.396300e-05 1.080100e-04;
-4.360900e-05 1.063000e-04;
-4.360900e-05 1.063000e-04;
1.096000e-04 4.633200e-05;
1.096000e-04 4.633200e-05;
9.940800e-05 3.992600e-05;
9.940800e-05 3.992600e-05;
-4.378200e-05 1.074900e-04;
-4.378200e-05 1.074900e-04;
-4.533800e-05 1.092400e-04;
-4.533800e-05 1.092400e-04;
1.111500e-04 4.685600e-05;
1.111500e-04 4.685600e-05;
1.060400e-04 4.424700e-05;
1.060400e-04 4.424700e-05;
-4.242200e-05 1.043100e-04;
-4.242200e-05 1.043100e-04;
-4.015900e-05 9.878800e-05;
-4.015900e-05 9.878800e-05;
-4.607700e-05 1.116200e-04;
-4.607700e-05 1.116200e-04;
1.091100e-04 4.602200e-05;
1.091100e-04 4.602200e-05;
1.083800e-04 4.476900e-05;
1.083800e-04 4.476900e-05;
-3.774800e-05 9.251000e-05;
-3.774800e-05 9.251000e-05;
-4.528600e-05 1.094800e-04;
-4.528600e-05 1.094800e-04;
1.055900e-04 4.451100e-05;
1.055900e-04 4.451100e-05;
1.000200e-04 4.218000e-05;
1.000200e-04 4.218000e-05;
1.103700e-04 4.587000e-05;
1.103700e-04 4.587000e-05;
-3.521200e-05 8.641000e-05;
-3.521200e-05 8.641000e-05;
-4.372500e-05 1.057400e-04;
-4.372500e-05 1.057400e-04;
-3.261600e-05 8.013000e-05;
-3.261600e-05 8.013000e-05;
9.403600e-05 3.953000e-05;
9.403600e-05 3.953000e-05;
1.086000e-04 4.505500e-05;
1.086000e-04 4.505500e-05;
-4.178700e-05 1.014500e-04;
-4.178700e-05 1.014500e-04;
-3.183900e-05 7.672400e-05;
-3.183900e-05 7.672400e-05;
8.740300e-05 3.688200e-05;
8.740300e-05 3.688200e-05;
8.105500e-05 3.407400e-05;
8.105500e-05 3.407400e-05;
1.048200e-04 4.353400e-05;
1.048200e-04 4.353400e-05;
-4.027000e-05 9.723500e-05;
-4.027000e-05 9.723500e-05;
-3.218000e-05 7.783600e-05;
-3.218000e-05 7.783600e-05;
7.839300e-05 3.246500e-05;
7.839300e-05 3.246500e-05;
1.008100e-04 4.196500e-05;
1.008100e-04 4.196500e-05;
-3.824400e-05 9.268800e-05;
-3.824400e-05 9.268800e-05;
7.915100e-05 3.285400e-05;
7.915100e-05 3.285400e-05;
9.597200e-05 3.966700e-05;
9.597200e-05 3.966700e-05;
-3.829200e-05 8.941100e-05;
-3.829200e-05 8.941100e-05;
9.102400e-05 3.783100e-05;
9.102400e-05 3.783100e-05;
-3.213600e-05 8.336600e-05;
-3.213600e-05 8.336600e-05;
8.866100e-05 3.555300e-05;
8.866100e-05 3.555300e-05;
-4.787200e-05 8.314700e-05;
-4.787200e-05 8.314700e-05;
7.962100e-05 3.534100e-05;
7.962100e-05 3.534100e-05;
1.734700e-05 2.503700e-04;
1.734700e-05 2.503700e-04;
8.787200e-05 2.324400e-05;
8.787200e-05 2.324400e-05;
9.590300e-05 2.018700e-04;
9.590300e-05 2.018700e-04;
1.587600e-04 1.802400e-04;
1.587600e-04 1.802400e-04;
8.319600e-05 2.077600e-04;
8.319600e-05 2.077600e-04;
6.918700e-05 1.973300e-04;
6.918700e-05 1.973300e-04;
5.513900e-04 -4.441000e-05;
5.513900e-04 -4.441000e-05;
8.921300e-04 -6.805500e-18;
3.750000e-04 0;
8.948000e-05 2.156200e-04;
8.948000e-05 2.156200e-04;
8.292300e-05 1.937700e-04;
8.292300e-05 1.937700e-04;
5.211300e-04 1.264100e-05;
5.211300e-04 1.264100e-05;
8.707900e-05 2.120100e-04;
8.707900e-05 2.120100e-04;
8.716600e-05 2.118700e-04;
8.716600e-05 2.118700e-04;
5.075300e-04 -2.874900e-06;
5.075300e-04 -2.874900e-06;
5.606600e-04 4.495000e-05;
8.962100e-04 -1.329100e-17;
5.606600e-04 4.495000e-05;
3.750000e-04 0;
8.639300e-05 2.096600e-04;
8.639300e-05 2.096600e-04;
8.293100e-05 2.013500e-04;
8.293100e-05 2.013500e-04;
9.068000e-05 2.184000e-04;
9.068000e-05 2.184000e-04;
4.760000e-04 6.300000e-07;
4.760000e-04 6.300000e-07;
4.467900e-04 1.961900e-07;
4.467900e-04 1.961900e-07;
5.180900e-04 -1.314200e-05;
5.180900e-04 -1.314200e-05;
7.946300e-05 1.925400e-04;
7.946300e-05 1.925400e-04;
9.169200e-05 2.221300e-04;
9.169200e-05 2.221300e-04;
4.175100e-04 4.260700e-07;
4.175100e-04 4.260700e-07;
5.105300e-04 2.741300e-06;
5.105300e-04 2.741300e-06;
7.650500e-05 1.845700e-04;
7.650500e-05 1.845700e-04;
9.029800e-05 2.176300e-04;
9.029800e-05 2.176300e-04;
3.912700e-04 1.404000e-07;
3.912700e-04 1.404000e-07;
4.755900e-04 -1.699900e-07;
4.755900e-04 -1.699900e-07;
7.170100e-05 1.739500e-04;
7.170100e-05 1.739500e-04;
6.585400e-05 1.607400e-04;
6.585400e-05 1.607400e-04;
8.645600e-05 2.086600e-04;
8.645600e-05 2.086600e-04;
3.642800e-04 -3.386600e-07;
3.642800e-04 -3.386600e-07;
4.430100e-04 -1.575900e-07;
4.430100e-04 -1.575900e-07;
5.986300e-05 1.454500e-04;
5.986300e-05 1.454500e-04;
5.512800e-05 1.373900e-04;
5.512800e-05 1.373900e-04;
8.295600e-05 2.011600e-04;
8.295600e-05 2.011600e-04;
3.377700e-04 5.879200e-07;
3.377700e-04 5.879200e-07;
3.223300e-04 -9.332500e-08;
3.223300e-04 -9.332500e-08;
4.179400e-04 -1.044100e-06;
4.179400e-04 -1.044100e-06;
2.926500e-04 -1.011500e-06;
2.926500e-04 -1.011500e-06;
4.403700e-05 1.114500e-04;
4.403700e-05 1.114500e-04;
8.010500e-05 1.932200e-04;
8.010500e-05 1.932200e-04;
3.844900e-04 1.956700e-07;
3.844900e-04 1.956700e-07;
7.604100e-05 1.850500e-04;
7.604100e-05 1.850500e-04;
3.542000e-04 7.953000e-08;
3.542000e-04 7.953000e-08;
7.677300e-05 1.883600e-04;
7.677300e-05 1.883600e-04;
3.289100e-04 -3.185500e-07;
3.289100e-04 -3.185500e-07;
7.566900e-05 1.849300e-04;
7.566900e-05 1.849300e-04;
3.113800e-04 1.626900e-07;
3.113800e-04 1.626900e-07;
8.120900e-05 1.889700e-04;
8.120900e-05 1.889700e-04;
2.829600e-04 1.001600e-06;
2.829600e-04 1.001600e-06;
5.522900e-05 -1.507000e-07;
5.522900e-05 -1.507000e-07;
8.064200e-05 -1.882400e-04;
8.064200e-05 -1.882400e-04;
7.518200e-05 -1.827300e-04;
7.518200e-05 -1.827300e-04;
4.558500e-05 -1.151600e-04;
4.558500e-05 -1.151600e-04;
7.687100e-05 -1.890100e-04;
7.687100e-05 -1.890100e-04;
5.742600e-05 -1.426200e-04;
5.742600e-05 -1.426200e-04;
7.697300e-05 -1.875800e-04;
7.697300e-05 -1.875800e-04;
6.246700e-05 -1.523600e-04;
6.246700e-05 -1.523600e-04;
8.182800e-05 -1.972800e-04;
8.182800e-05 -1.972800e-04;
6.983900e-05 -1.701400e-04;
6.983900e-05 -1.701400e-04;
8.545300e-05 -2.067300e-04;
8.545300e-05 -2.067300e-04;
7.628200e-05 -1.845000e-04;
7.628200e-05 -1.845000e-04;
8.837400e-05 -2.138400e-04;
8.837400e-05 -2.138400e-04;
8.158800e-05 -1.973700e-04;
8.158800e-05 -1.973700e-04;
9.009500e-05 -2.176700e-04;
9.009500e-05 -2.176700e-04;
8.560300e-05 -2.077200e-04;
8.560300e-05 -2.077200e-04;
8.929300e-05 -2.160600e-04;
8.929300e-05 -2.160600e-04;
8.893200e-05 -2.158900e-04;
8.893200e-05 -2.158900e-04;
8.606300e-05 -2.072200e-04;
8.606300e-05 -2.072200e-04;
8.279200e-05 -2.013500e-04;
8.279200e-05 -2.013500e-04;
8.975900e-05 -2.171800e-04;
8.975900e-05 -2.171800e-04;
7.979900e-05 -1.861200e-04;
7.979900e-05 -1.861200e-04;
8.681200e-05 -2.114400e-04;
8.681200e-05 -2.114400e-04;
6.732900e-05 -1.932200e-04;
6.732900e-05 -1.932200e-04;
8.538000e-05 -2.055100e-04;
8.538000e-05 -2.055100e-04;
7.591900e-05 -1.911000e-04;
7.591900e-05 -1.911000e-04;
8.866100e-05 -1.838300e-04;
8.866100e-05 -1.838300e-04;
8.866100e-05 -1.838300e-04;
