3.272000e-05 1.066700e-05;
3.250700e-05 1.068700e-05;
2.479600e-05 6.303200e-06;
2.421500e-05 9.671200e-06;
1.593000e-05 -3.139700e-05;
1.213900e-05 -2.026400e-05;
1.434400e-05 -2.833400e-05;
1.452000e-05 -2.888200e-05;
9.449600e-06 -2.231700e-05;
3.322500e-06 -6.532000e-06;
1.929100e-05 -2.113000e-06;
3.322500e-06 -6.532000e-06;
7.028500e-06 2.286400e-06;
7.028500e-06 2.286400e-06;
5.336900e-06 1.261600e-05;
5.336900e-06 1.261600e-05;
2.791300e-05 2.563600e-05;
1.289900e-05 -5.227700e-06;
1.289900e-05 -5.227700e-06;
-1.027500e-05 2.536100e-05;
-1.027500e-05 2.536100e-05;
3.125900e-06 7.561400e-05;
2.575000e-05 1.090000e-05;
2.575000e-05 1.090000e-05;
4.979100e-04 4.484000e-18;
3.572200e-04 -3.158900e-18;
4.785800e-04 7.715700e-06;
4.752600e-04 -9.137100e-06;
9.978000e-05 1.499400e-06;
9.978000e-05 1.499400e-06;
3.011700e-04 1.317100e-04;
2.102900e-05 4.538100e-05;
2.102900e-05 4.538100e-05;
9.602700e-05 -1.341800e-06;
2.086400e-05 -4.508600e-05;
9.602700e-05 -1.341800e-06;
2.086400e-05 -4.508600e-05;
2.086400e-05 -4.508600e-05;
2.233200e-05 7.548500e-06;
3.241000e-05 1.068300e-05;
2.249300e-05 7.437800e-06;
2.222500e-05 7.055800e-06;
3.229400e-05 1.057800e-05;
2.165700e-05 6.905500e-06;
2.285800e-05 7.530800e-06;
9.260700e-06 -1.906700e-05;
3.049400e-05 1.009500e-05;
3.074500e-05 1.002300e-05;
2.050900e-05 6.698500e-06;
2.157000e-05 7.151900e-06;
1.401400e-05 -2.787700e-05;
9.855700e-06 -1.909600e-05;
9.385900e-06 -1.848400e-05;
1.592900e-05 -3.134800e-05;
1.008600e-05 -1.928300e-05;
3.245700e-05 1.076200e-05;
3.076100e-05 1.000100e-05;
1.925200e-05 6.236200e-06;
2.043700e-05 6.826300e-06;
1.461200e-05 -2.894600e-05;
9.127800e-06 -1.789700e-05;
1.511100e-05 -2.989500e-05;
1.008900e-05 -2.016000e-05;
3.204900e-05 1.044700e-05;
3.050500e-05 9.995400e-06;
1.804000e-05 5.822600e-06;
2.809500e-05 9.159600e-06;
1.701300e-05 5.546300e-06;
1.944900e-05 6.433900e-06;
1.438700e-05 -2.830400e-05;
8.662800e-06 -1.697900e-05;
1.500600e-05 -2.980500e-05;
9.784900e-06 -1.963100e-05;
3.248300e-05 1.060000e-05;
2.690700e-05 8.726400e-06;
1.590000e-05 5.147500e-06;
3.288600e-05 1.086800e-05;
1.871800e-05 6.198300e-06;
1.425800e-05 -2.802700e-05;
8.248300e-06 -1.611400e-05;
1.337000e-05 -2.625600e-05;
7.707700e-06 -1.514800e-05;
1.519400e-05 -3.007300e-05;
9.530600e-06 -1.892100e-05;
2.951100e-05 9.703300e-06;
2.725700e-05 8.941600e-06;
1.494700e-05 4.871100e-06;
3.351400e-05 1.110000e-05;
2.701900e-05 9.024000e-06;
1.433300e-05 4.723600e-06;
1.784700e-05 5.971400e-06;
1.309300e-05 -2.591300e-05;
7.270500e-06 -1.420500e-05;
1.546400e-05 -3.093500e-05;
1.560600e-05 -3.074300e-05;
9.173000e-06 -1.815200e-05;
2.843400e-05 9.470400e-06;
3.341300e-05 1.117900e-05;
3.296700e-05 1.127800e-05;
2.458900e-05 8.524800e-06;
1.417600e-05 4.856800e-06;
1.673800e-05 5.599800e-06;
1.261900e-05 -2.480000e-05;
6.790000e-06 -1.331800e-05;
1.169100e-05 -2.331700e-05;
6.498200e-06 -1.293900e-05;
1.588200e-05 -3.141700e-05;
1.395900e-05 -2.779900e-05;
8.649300e-06 -1.735900e-05;
2.918800e-05 9.951800e-06;
3.270000e-05 1.161100e-05;
3.218500e-05 1.147600e-05;
2.481300e-05 8.605200e-06;
1.441500e-05 4.643100e-06;
1.601100e-05 5.503100e-06;
1.078000e-05 -2.207700e-05;
6.460800e-06 -1.306700e-05;
1.431800e-05 -2.959200e-05;
1.584300e-05 -3.183000e-05;
1.348300e-05 -2.689500e-05;
8.137900e-06 -1.633500e-05;
2.642500e-05 9.320300e-06;
6.872600e-06 -1.337700e-05;
3.287600e-05 1.124800e-05;
3.174000e-05 9.805900e-06;
2.270900e-05 6.169700e-06;
1.480500e-05 5.113400e-06;
1.087000e-05 -2.231000e-05;
1.076600e-05 -1.980800e-05;
1.431200e-05 -2.991200e-05;
1.528200e-05 -3.156700e-05;
1.294700e-05 -2.643800e-05;
7.751200e-06 -1.552100e-05;
2.638700e-05 8.613100e-06;
1.929100e-05 -2.113000e-06;
1.590700e-05 -1.431300e-05;
3.527800e-05 6.693400e-06;
3.199100e-05 2.432800e-06;
2.490100e-05 5.942100e-05;
1.761300e-05 5.225200e-06;
1.553900e-05 -2.940100e-05;
1.727100e-05 -2.484400e-05;
1.539500e-05 -3.095100e-05;
1.191000e-05 -2.477200e-05;
7.387000e-06 -1.509900e-05;
3.341900e-05 3.711700e-06;
3.024200e-05 -1.033400e-05;
2.454800e-05 -2.201400e-05;
4.349400e-05 -7.531000e-06;
2.399000e-05 5.167700e-05;
1.350300e-05 3.295800e-05;
1.976900e-05 5.409300e-05;
2.607000e-05 6.251100e-05;
3.457500e-05 -4.513400e-06;
2.076900e-05 -2.994200e-05;
1.377100e-05 -2.515700e-05;
6.918700e-06 -1.419600e-05;
4.955100e-05 -1.115300e-05;
3.710200e-05 -2.507000e-05;
5.219900e-05 -2.147000e-05;
1.405800e-05 3.308700e-05;
2.267700e-05 5.393300e-05;
1.391300e-05 3.286200e-05;
2.251600e-05 5.393300e-05;
2.631300e-05 6.221900e-05;
5.206000e-05 -1.827200e-05;
3.127600e-05 -1.310800e-05;
2.882700e-05 -2.732100e-05;
8.660000e-06 -1.607800e-05;
5.997100e-05 -2.484400e-05;
4.470300e-05 -2.696800e-05;
1.406300e-05 3.360400e-05;
2.312000e-05 5.519400e-05;
1.440800e-05 3.437800e-05;
2.543900e-05 6.154400e-05;
5.391600e-05 -2.210400e-05;
3.161000e-05 -1.278100e-05;
6.267600e-05 -2.564300e-05;
2.775200e-05 -2.127100e-05;
5.100400e-05 -2.255700e-05;
1.438400e-05 3.499800e-05;
2.511400e-05 5.951000e-05;
1.486800e-05 3.496300e-05;
2.376600e-05 5.661200e-05;
2.336700e-05 5.527000e-05;
1.471300e-05 3.513300e-05;
5.565900e-05 -2.259600e-05;
3.341900e-05 -1.364900e-05;
6.300700e-05 -2.588300e-05;
5.292100e-05 -2.175900e-05;
3.185500e-05 -1.267300e-05;
1.517900e-05 3.614800e-05;
2.589800e-05 6.158700e-05;
2.456300e-05 5.921400e-05;
1.477300e-05 3.513900e-05;
5.755200e-05 -2.373800e-05;
3.454400e-05 -1.401000e-05;
6.253900e-05 -2.533400e-05;
5.323500e-05 -2.188100e-05;
3.215400e-05 -1.333400e-05;
1.535000e-05 3.696600e-05;
2.516900e-05 6.086700e-05;
2.472600e-05 5.887000e-05;
1.436300e-05 3.415500e-05;
5.747200e-05 -2.356000e-05;
3.521400e-05 -1.439200e-05;
5.885500e-05 -2.408900e-05;
3.440100e-05 -1.412400e-05;
1.504800e-05 3.627600e-05;
2.567600e-05 6.142300e-05;
2.456200e-05 5.862400e-05;
1.382400e-05 3.272000e-05;
2.346700e-05 5.571700e-05;
1.302900e-05 3.094800e-05;
5.847400e-05 -2.384000e-05;
3.507700e-05 -1.431400e-05;
5.828100e-05 -2.424900e-05;
3.556200e-05 -1.477500e-05;
1.455300e-05 3.500200e-05;
2.626300e-05 6.238900e-05;
2.637900e-05 6.322400e-05;
2.128300e-05 5.095900e-05;
1.217700e-05 2.903400e-05;
5.751100e-05 -2.368300e-05;
3.419400e-05 -1.391700e-05;
6.051600e-05 -2.479700e-05;
3.634800e-05 -1.492900e-05;
1.407000e-05 3.379800e-05;
2.415500e-05 5.786500e-05;
2.655200e-05 6.421800e-05;
2.176900e-05 5.210600e-05;
1.141600e-05 2.720000e-05;
2.021700e-05 4.954300e-05;
1.079200e-05 2.635300e-05;
5.693800e-05 -2.323900e-05;
3.281800e-05 -1.339500e-05;
5.558600e-05 -2.254600e-05;
3.122200e-05 -1.268500e-05;
5.799900e-05 -2.358500e-05;
3.586800e-05 -1.489000e-05;
1.344900e-05 3.247800e-05;
2.304400e-05 5.557600e-05;
1.910000e-05 4.781700e-05;
1.071900e-05 2.627400e-05;
2.650200e-05 6.473100e-05;
2.396700e-05 6.076600e-05;
5.017100e-05 -2.061000e-05;
2.909200e-05 -1.186200e-05;
6.322500e-05 -2.615200e-05;
5.932800e-05 -2.449700e-05;
3.521200e-05 -1.443000e-05;
1.288600e-05 3.118800e-05;
2.226500e-05 5.518000e-05;
1.896000e-05 4.589900e-05;
1.116900e-05 2.580000e-05;
2.401800e-05 6.037100e-05;
2.543900e-05 6.415500e-05;
1.826800e-05 3.790300e-05;
4.805900e-05 -2.013900e-05;
2.738700e-05 -1.122100e-05;
2.647800e-05 -1.107400e-05;
5.096100e-05 -2.078300e-05;
6.404200e-05 -2.644100e-05;
5.440000e-05 -2.254400e-05;
3.393000e-05 -1.403500e-05;
1.214100e-05 3.023300e-05;
2.063000e-05 5.203500e-05;
2.653200e-05 -1.044500e-05;
2.671800e-05 5.809000e-05;
2.629000e-05 6.393000e-05;
2.791300e-05 2.563600e-05;
3.073200e-05 4.764900e-05;
4.483100e-05 -1.924200e-05;
2.645400e-05 -1.111200e-05;
5.957700e-05 -2.576800e-05;
6.464400e-05 -2.709000e-05;
5.356200e-05 -2.216700e-05;
3.235100e-05 -1.341600e-05;
1.172600e-05 2.853700e-05;
2.467900e-05 5.311800e-05;
4.508700e-05 -1.882700e-05;
4.052700e-05 -1.464100e-05;
3.913200e-05 -8.895600e-07;
5.220600e-05 2.008100e-05;
3.764900e-05 6.075500e-05;
5.024300e-05 4.236800e-05;
5.979700e-05 -2.593300e-05;
6.319800e-05 -2.712900e-05;
5.241100e-05 -2.230700e-05;
3.091300e-05 -1.280500e-05;
1.522000e-05 3.381100e-05;
4.049400e-05 5.461300e-05;
6.038000e-05 -2.242300e-05;
5.748500e-05 -1.237600e-05;
6.667300e-05 3.032900e-06;
7.329600e-05 2.880600e-05;
6.666500e-05 5.324700e-05;
6.269900e-05 -2.625100e-05;
4.980500e-05 -2.153400e-05;
2.982800e-05 -1.268200e-05;
-4.763300e-05 1.175900e-04;
5.687900e-05 4.524300e-05;
8.395100e-05 5.567800e-05;
6.980900e-05 -1.611500e-05;
8.426900e-05 7.160500e-06;
9.723600e-05 3.942400e-05;
5.431100e-05 -1.995500e-05;
2.777500e-05 -1.175500e-05;
-3.816900e-05 1.053800e-04;
-2.765400e-05 6.574300e-05;
-5.130800e-05 1.250100e-04;
-4.923900e-05 1.048900e-04;
1.044400e-04 5.045100e-05;
6.731000e-05 2.798600e-05;
1.176000e-04 4.790800e-05;
7.132900e-05 -5.742300e-06;
9.880000e-05 2.079000e-05;
3.410000e-05 -1.275000e-05;
-4.428300e-05 1.083100e-04;
-2.669400e-05 6.595300e-05;
-5.069500e-05 1.246400e-04;
-4.581700e-05 1.121600e-04;
-2.680100e-05 6.688200e-05;
1.104500e-04 4.656900e-05;
6.748500e-05 2.841500e-05;
1.244800e-04 5.221900e-05;
1.031000e-04 3.870900e-05;
7.128400e-05 8.016600e-06;
-4.605600e-05 1.123700e-04;
-2.840200e-05 6.905900e-05;
-4.960800e-05 1.191800e-04;
-2.785100e-05 6.714400e-05;
1.159200e-04 4.808400e-05;
7.084000e-05 2.988700e-05;
1.243200e-04 5.236100e-05;
1.069700e-04 4.473900e-05;
6.561000e-05 2.826400e-05;
-4.967900e-05 1.226100e-04;
-2.824700e-05 7.055200e-05;
-4.485900e-05 1.101500e-04;
-2.913400e-05 7.102200e-05;
-4.698000e-05 1.142500e-04;
-2.893700e-05 6.975500e-05;
1.150400e-04 4.817900e-05;
7.223400e-05 3.042800e-05;
1.175500e-04 4.895200e-05;
6.669700e-05 2.770700e-05;
-4.843200e-05 1.172600e-04;
-2.903600e-05 7.094200e-05;
-5.114100e-05 1.257100e-04;
-2.946800e-05 7.221000e-05;
1.152000e-04 4.818500e-05;
7.308800e-05 3.083000e-05;
1.170000e-04 4.859400e-05;
6.987800e-05 2.895700e-05;
-4.868700e-05 1.190400e-04;
-2.816800e-05 6.921200e-05;
-4.997900e-05 1.211000e-04;
-3.038500e-05 7.324400e-05;
1.147400e-04 4.838200e-05;
7.193900e-05 3.006200e-05;
1.164400e-04 4.875500e-05;
7.155900e-05 2.953700e-05;
-4.772400e-05 1.166600e-04;
-2.677500e-05 6.605900e-05;
-4.439300e-05 1.089700e-04;
-2.548000e-05 6.236300e-05;
-5.012900e-05 1.220400e-04;
-2.977000e-05 7.220100e-05;
1.202700e-04 5.050500e-05;
6.982500e-05 2.953900e-05;
1.168800e-04 4.844900e-05;
7.244800e-05 3.024400e-05;
-4.194300e-05 1.020400e-04;
-2.389500e-05 5.835900e-05;
-5.207100e-05 1.265100e-04;
-5.140100e-05 1.259100e-04;
-2.886700e-05 7.006900e-05;
1.152500e-04 4.807400e-05;
6.689200e-05 2.817300e-05;
1.121200e-04 4.762100e-05;
6.304300e-05 2.646500e-05;
1.163700e-04 4.914800e-05;
7.167000e-05 2.970800e-05;
-4.215200e-05 1.021300e-04;
-2.229400e-05 5.476000e-05;
-3.749300e-05 8.953500e-05;
-2.212800e-05 5.247100e-05;
-5.328400e-05 1.283200e-04;
-4.747400e-05 1.157100e-04;
-2.790300e-05 6.753300e-05;
1.069600e-04 4.466600e-05;
5.926400e-05 2.498900e-05;
1.262800e-04 5.213400e-05;
1.195200e-04 4.980700e-05;
6.935300e-05 2.902600e-05;
-3.992100e-05 9.327000e-05;
-2.194200e-05 5.234100e-05;
-5.140000e-05 1.177400e-04;
-5.433700e-05 1.297100e-04;
-4.464200e-05 1.080200e-04;
-2.696200e-05 6.497800e-05;
1.020800e-04 4.285000e-05;
5.526700e-05 2.316400e-05;
9.649300e-05 3.955000e-05;
5.365400e-05 2.197800e-05;
1.280400e-04 5.359300e-05;
1.105100e-04 4.569400e-05;
6.734000e-05 2.796200e-05;
-3.680400e-05 8.809800e-05;
-2.069700e-05 5.220500e-05;
-2.684600e-05 7.871200e-05;
-5.184700e-05 1.194200e-04;
-5.500000e-05 1.268600e-04;
-4.433300e-05 1.049400e-04;
-2.591000e-05 6.246000e-05;
5.248400e-05 2.281600e-05;
9.107200e-05 3.624200e-05;
5.347300e-05 2.178700e-05;
1.211600e-04 4.802600e-05;
1.298700e-04 5.302100e-05;
1.098500e-04 4.563500e-05;
6.408900e-05 2.654300e-05;
3.125900e-06 7.561400e-05;
-4.441800e-05 1.204900e-04;
-2.458000e-05 1.138800e-04;
-5.241500e-05 1.261000e-04;
-4.337700e-05 9.930600e-05;
-2.570000e-05 6.013900e-05;
9.307600e-05 3.838500e-05;
7.863300e-05 3.794900e-05;
5.614500e-05 5.451600e-05;
4.549100e-05 1.028100e-04;
1.230900e-04 4.846000e-05;
1.277900e-04 5.085200e-05;
1.075100e-04 4.324800e-05;
6.160600e-05 2.546400e-05;
1.040300e-05 1.312700e-04;
-3.290300e-05 1.387800e-04;
-4.032500e-05 1.091200e-04;
-2.381300e-05 5.680200e-05;
1.168500e-04 5.373600e-05;
9.894200e-05 6.362900e-05;
8.995000e-05 9.899000e-05;
6.251900e-05 1.442900e-04;
1.257900e-04 5.159300e-05;
1.052100e-04 4.145300e-05;
5.962200e-05 2.404100e-05;
1.802100e-05 1.694700e-04;
-1.913500e-05 1.354900e-04;
-2.644200e-05 7.030800e-05;
8.168700e-05 1.925200e-04;
1.216100e-04 7.522600e-05;
1.090800e-04 1.296100e-04;
1.044400e-04 4.830100e-05;
5.568900e-05 2.266500e-05;
3.985300e-05 1.972600e-04;
1.752100e-05 1.462300e-04;
9.886900e-05 2.337900e-04;
1.105000e-04 1.683200e-04;
1.079200e-04 8.874300e-05;
6.532300e-05 2.940800e-05;
7.935100e-05 2.220900e-04;
5.762100e-05 1.375900e-04;
1.026800e-04 2.494600e-04;
9.114400e-05 2.002600e-04;
8.901500e-05 1.109900e-04;
9.273100e-05 2.213200e-04;
5.710500e-05 1.385400e-04;
1.034100e-04 2.473400e-04;
8.738200e-05 2.110600e-04;
5.244300e-05 1.309200e-04;
3.522900e-04 -1.912200e-05;
9.463700e-05 2.294500e-04;
5.856600e-05 1.420900e-04;
9.360800e-05 2.260800e-04;
5.467600e-05 1.313700e-04;
3.565500e-04 1.939100e-05;
5.503800e-04 1.019700e-06;
3.426900e-04 3.139600e-06;
9.474600e-05 2.300400e-04;
5.782400e-05 1.403800e-04;
9.794500e-05 2.367900e-04;
5.721900e-05 1.391200e-04;
3.402500e-04 -3.393500e-06;
5.180700e-04 -1.099200e-06;
3.277700e-04 -1.186800e-06;
5.044900e-04 -3.902900e-06;
9.623600e-05 2.345500e-04;
5.714000e-05 1.386200e-04;
9.517100e-05 2.318000e-04;
5.989400e-05 1.437800e-04;
4.878300e-04 4.938700e-07;
3.126700e-04 1.272300e-06;
3.303500e-04 -6.058000e-07;
5.315000e-04 1.556800e-06;
9.576600e-05 2.342600e-04;
5.474400e-05 1.335900e-04;
9.078100e-05 2.185000e-04;
5.347800e-05 1.286000e-04;
9.539600e-05 2.316000e-04;
6.014800e-05 1.458900e-04;
5.228700e-04 1.349800e-06;
2.962800e-04 -7.290000e-07;
4.706300e-04 -4.017000e-08;
2.792300e-04 1.168800e-07;
3.126600e-04 1.734200e-06;
4.859300e-04 1.064500e-06;
9.743100e-05 2.325400e-04;
5.146200e-05 1.242300e-04;
9.951900e-05 2.394200e-04;
5.928100e-05 1.434800e-04;
4.312500e-04 7.567600e-07;
2.626400e-04 4.337300e-07;
5.373200e-04 6.774400e-07;
5.246800e-04 -2.718500e-06;
2.932800e-04 -1.665100e-06;
8.840700e-05 2.152700e-04;
4.832500e-05 1.173700e-04;
1.025800e-04 2.487300e-04;
9.319900e-05 2.237600e-04;
5.750200e-05 1.381800e-04;
4.400100e-04 6.486600e-08;
2.467500e-04 -3.275300e-07;
5.407100e-04 1.387800e-06;
4.463000e-04 -1.173800e-06;
2.799400e-04 6.440700e-07;
8.596600e-05 2.098500e-04;
4.464600e-05 1.093900e-04;
8.065600e-05 2.000100e-04;
4.113500e-05 1.006400e-04;
1.030200e-04 2.517800e-04;
8.703600e-05 2.111700e-04;
5.523600e-05 1.339000e-04;
4.215900e-04 -1.067500e-06;
2.310000e-04 4.077400e-07;
5.464200e-04 -8.953700e-07;
4.362600e-04 1.482400e-06;
2.591500e-04 1.390500e-07;
7.455800e-05 1.869100e-04;
3.745400e-05 9.449800e-05;
6.617700e-05 1.687800e-04;
3.319200e-05 8.475600e-05;
9.847000e-05 2.473600e-04;
1.015300e-04 2.513600e-04;
8.674800e-05 2.117400e-04;
5.336700e-05 1.288800e-04;
3.938200e-04 1.075700e-06;
2.194400e-04 -1.013700e-07;
5.096400e-04 7.801300e-07;
3.788600e-04 -8.333900e-07;
2.044100e-04 -1.087900e-06;
5.290300e-04 4.014400e-07;
4.142000e-04 -3.814500e-07;
2.399800e-04 1.808800e-07;
3.520200e-04 6.313600e-07;
2.067900e-04 4.618500e-06;
4.809600e-05 9.429700e-05;
3.341300e-04 2.477000e-05;
7.164900e-05 1.660600e-04;
9.354500e-05 2.381900e-04;
9.197000e-05 2.224900e-04;
9.926200e-05 2.510100e-04;
9.012500e-05 2.244000e-04;
5.089800e-05 1.250600e-04;
5.354800e-04 5.032100e-07;
5.118300e-04 9.985000e-07;
5.010000e-04 1.089200e-07;
3.812600e-04 3.878200e-07;
2.257900e-04 -1.238000e-07;
4.849800e-04 7.543900e-06;
1.250400e-04 1.727800e-04;
3.011700e-04 1.317100e-04;
4.578600e-04 4.847600e-05;
1.247800e-04 2.246600e-04;
1.075600e-04 2.535100e-04;
8.448500e-05 2.123400e-04;
5.068700e-05 1.250400e-04;
5.356100e-04 8.354400e-07;
5.203100e-04 -1.356000e-06;
3.640500e-04 -2.547100e-07;
2.123800e-04 2.115200e-07;
5.259700e-04 -1.351300e-06;
2.244500e-04 1.998500e-04;
3.632700e-04 1.059200e-04;
4.582000e-04 1.476800e-06;
1.500800e-04 2.225400e-04;
9.748600e-05 2.022700e-04;
5.068900e-05 1.245500e-04;
4.812000e-04 -6.243900e-06;
3.559000e-04 1.185000e-06;
1.981000e-04 1.106700e-06;
4.625900e-04 -4.649700e-05;
2.312400e-04 1.345000e-04;
3.212700e-04 2.169900e-06;
3.729700e-04 -9.795600e-05;
1.289900e-04 1.177900e-04;
5.421300e-05 1.061700e-04;
3.501800e-04 -2.251900e-05;
1.992700e-04 -4.541300e-06;
3.293400e-04 -1.217700e-04;
1.585800e-04 -1.129500e-05;
2.374500e-04 -1.400800e-04;
2.396900e-04 -1.912500e-04;
5.856300e-05 8.122300e-07;
1.238700e-04 -1.625300e-04;
1.289500e-04 -2.113200e-04;
1.121200e-04 -1.523100e-04;
1.459800e-04 -2.324400e-04;
5.392400e-05 -1.062200e-04;
9.909600e-05 -2.269800e-04;
6.773600e-05 -1.508700e-04;
4.684800e-05 -9.414800e-05;
9.571500e-05 -2.038900e-04;
1.038700e-04 -2.528300e-04;
5.068000e-05 -1.231900e-04;
9.218000e-05 -2.345000e-04;
6.573200e-05 -1.632400e-04;
3.418800e-05 -8.693100e-05;
8.218700e-05 -2.077800e-04;
9.897900e-05 -2.503700e-04;
5.061700e-05 -1.253100e-04;
9.911200e-05 -2.489100e-04;
7.032000e-05 -1.783400e-04;
3.909200e-05 -9.795300e-05;
8.870500e-05 -2.213900e-04;
5.166100e-05 -1.266500e-04;
1.027800e-04 -2.518500e-04;
7.959000e-05 -1.966600e-04;
4.279900e-05 -1.052000e-04;
9.083600e-05 -2.214900e-04;
5.428000e-05 -1.311200e-04;
1.036900e-04 -2.523100e-04;
8.366300e-05 -2.035200e-04;
4.714400e-05 -1.148200e-04;
9.076100e-05 -2.187700e-04;
5.705500e-05 -1.373700e-04;
1.039400e-04 -2.491900e-04;
8.790000e-05 -2.116500e-04;
5.126400e-05 -1.239800e-04;
9.752100e-05 -2.361500e-04;
5.818100e-05 -1.414000e-04;
9.471000e-05 -2.297400e-04;
5.427400e-05 -1.315900e-04;
9.621300e-05 -2.332400e-04;
5.950000e-05 -1.432000e-04;
9.719200e-05 -2.368800e-04;
5.647500e-05 -1.374300e-04;
9.903400e-05 -2.401400e-04;
5.852600e-05 -1.420100e-04;
9.520700e-05 -2.306600e-04;
5.875800e-05 -1.421300e-04;
9.731800e-05 -2.360300e-04;
5.698400e-05 -1.377600e-04;
9.465800e-05 -2.285200e-04;
5.931200e-05 -1.432500e-04;
9.351300e-05 -2.274200e-04;
5.251900e-05 -1.263100e-04;
5.507500e-05 -1.329100e-04;
9.584800e-05 -2.306700e-04;
9.765600e-05 -2.378100e-04;
5.707800e-05 -1.397800e-04;
9.027600e-05 -2.178600e-04;
5.164200e-05 -1.283400e-04;
1.031400e-04 -2.474500e-04;
9.728100e-05 -2.361000e-04;
5.623800e-05 -1.359200e-04;
9.736200e-05 -2.042500e-04;
1.035200e-04 -2.490400e-04;
9.076800e-05 -2.189800e-04;
5.279500e-05 -1.285800e-04;
9.600500e-05 -2.356800e-04;
7.704200e-05 -2.097700e-04;
5.443800e-05 -1.267600e-04;
1.402300e-05 3.206600e-06;
1.105500e-05 3.893200e-06;
1.402300e-05 3.206600e-06;
1.105500e-05 3.893200e-06;
1.214400e-05 3.923100e-06;
1.214400e-05 3.923100e-06;
1.113900e-05 3.413400e-06;
1.113900e-05 3.413400e-06;
1.355400e-05 5.808300e-06;
1.113200e-05 3.588100e-06;
1.113200e-05 3.588100e-06;
1.217400e-05 4.048100e-06;
1.217400e-05 4.048100e-06;
4.482500e-06 -9.238000e-06;
4.482500e-06 -9.238000e-06;
6.808500e-06 -1.109800e-05;
6.808500e-06 -1.109800e-05;
5.169400e-06 -1.009800e-05;
5.169400e-06 -1.009800e-05;
1.057500e-05 3.425500e-06;
1.057500e-05 3.425500e-06;
1.113200e-05 3.741600e-06;
1.113200e-05 3.741600e-06;
4.788900e-06 -9.340000e-06;
4.788900e-06 -9.340000e-06;
9.769900e-06 3.151000e-06;
9.769900e-06 3.151000e-06;
9.069400e-06 2.933400e-06;
9.069400e-06 2.933400e-06;
4.958700e-06 -9.443200e-06;
5.072500e-06 -1.241200e-05;
4.958700e-06 -9.443200e-06;
5.072500e-06 -1.241200e-05;
1.057400e-05 3.519400e-06;
1.057400e-05 3.519400e-06;
4.653000e-06 -9.130500e-06;
4.653000e-06 -9.130500e-06;
8.456900e-06 2.741700e-06;
8.456900e-06 2.741700e-06;
5.348800e-06 -1.069400e-05;
5.348800e-06 -1.069400e-05;
9.843600e-06 3.283700e-06;
9.843600e-06 3.283700e-06;
4.364700e-06 -8.513900e-06;
4.364700e-06 -8.513900e-06;
4.106500e-06 -8.034300e-06;
4.106500e-06 -8.034300e-06;
7.865600e-06 2.537700e-06;
7.865600e-06 2.537700e-06;
5.009500e-06 -1.005200e-05;
5.009500e-06 -1.005200e-05;
9.456100e-06 3.118700e-06;
9.456100e-06 3.118700e-06;
3.833500e-06 -7.497200e-06;
3.833500e-06 -7.497200e-06;
7.340400e-06 2.374300e-06;
7.340400e-06 2.374300e-06;
4.893300e-06 -9.755800e-06;
4.893300e-06 -9.755800e-06;
8.952300e-06 2.998500e-06;
8.952300e-06 2.998500e-06;
3.574200e-06 -6.981800e-06;
3.574200e-06 -6.981800e-06;
3.317700e-06 -6.489900e-06;
3.317700e-06 -6.489900e-06;
6.988700e-06 2.286600e-06;
6.988700e-06 2.286600e-06;
4.609100e-06 -9.211000e-06;
4.609100e-06 -9.211000e-06;
8.293000e-06 2.767400e-06;
8.293000e-06 2.767400e-06;
3.179300e-06 -6.279100e-06;
3.179300e-06 -6.279100e-06;
6.981100e-06 2.316500e-06;
6.981100e-06 2.316500e-06;
4.372900e-06 -8.711200e-06;
4.372900e-06 -8.711200e-06;
7.973200e-06 2.738100e-06;
7.973200e-06 2.738100e-06;
3.213300e-06 -6.372200e-06;
3.213300e-06 -6.372200e-06;
4.066600e-06 -8.165900e-06;
4.066600e-06 -8.165900e-06;
7.321800e-06 2.299100e-06;
7.321800e-06 2.299100e-06;
3.844000e-06 -7.677800e-06;
3.844000e-06 -7.677800e-06;
6.031800e-06 1.657700e-05;
7.233200e-06 3.312200e-06;
7.233200e-06 3.312200e-06;
3.673600e-06 -7.528900e-06;
3.673600e-06 -7.528900e-06;
7.670000e-06 1.610200e-05;
6.031800e-06 1.657700e-05;
6.031800e-06 1.657700e-05;
1.934200e-05 -1.647100e-06;
1.934200e-05 -1.647100e-06;
3.572000e-06 -6.823600e-06;
3.572000e-06 -6.823600e-06;
7.670000e-06 1.610200e-05;
7.670000e-06 1.610200e-05;
7.044100e-06 1.622800e-05;
7.044100e-06 1.622800e-05;
1.508200e-05 -7.085400e-06;
1.508200e-05 -7.085400e-06;
2.739500e-06 -7.450900e-06;
2.739500e-06 -7.450900e-06;
6.718800e-06 1.674100e-05;
6.718800e-06 1.674100e-05;
7.286700e-06 1.735100e-05;
7.286700e-06 1.735100e-05;
7.438600e-06 1.758200e-05;
7.438600e-06 1.758200e-05;
1.564800e-05 -6.150700e-06;
1.564800e-05 -6.150700e-06;
1.494200e-05 -1.253800e-05;
1.494200e-05 -1.253800e-05;
7.416700e-06 1.775100e-05;
7.416700e-06 1.775100e-05;
7.516100e-06 1.780700e-05;
7.516100e-06 1.780700e-05;
1.686300e-05 -6.902300e-06;
1.686300e-05 -6.902300e-06;
1.590300e-05 -5.596500e-06;
1.590300e-05 -5.596500e-06;
7.573800e-06 1.829800e-05;
7.573800e-06 1.829800e-05;
7.442900e-06 1.766600e-05;
7.442900e-06 1.766600e-05;
1.735100e-05 -7.036000e-06;
1.735100e-05 -7.036000e-06;
1.585500e-05 -6.746400e-06;
1.585500e-05 -6.746400e-06;
7.800000e-06 1.876600e-05;
7.800000e-06 1.876600e-05;
7.227300e-06 1.714400e-05;
7.227300e-06 1.714400e-05;
6.884600e-06 1.632200e-05;
6.884600e-06 1.632200e-05;
1.778200e-05 -7.247100e-06;
1.778200e-05 -7.247100e-06;
1.736100e-05 -7.143100e-06;
1.736100e-05 -7.143100e-06;
7.611700e-06 1.838000e-05;
7.611700e-06 1.838000e-05;
6.442400e-06 1.531200e-05;
6.442400e-06 1.531200e-05;
1.766200e-05 -7.184700e-06;
1.766200e-05 -7.184700e-06;
1.788800e-05 -7.426600e-06;
1.788800e-05 -7.426600e-06;
7.318000e-06 1.764200e-05;
7.318000e-06 1.764200e-05;
6.014100e-06 1.426600e-05;
6.014100e-06 1.426600e-05;
1.713500e-05 -6.970800e-06;
1.713500e-05 -6.970800e-06;
1.636700e-05 -6.664000e-06;
1.636700e-05 -6.664000e-06;
1.843800e-05 -7.621000e-06;
1.843800e-05 -7.621000e-06;
7.044100e-06 1.689900e-05;
7.044100e-06 1.689900e-05;
5.588300e-06 1.327700e-05;
5.588300e-06 1.327700e-05;
1.542600e-05 -6.278500e-06;
1.542600e-05 -6.278500e-06;
1.818700e-05 -7.517200e-06;
1.818700e-05 -7.517200e-06;
6.712500e-06 1.620500e-05;
6.712500e-06 1.620500e-05;
5.302500e-06 1.278500e-05;
5.302500e-06 1.278500e-05;
1.431600e-05 -5.818000e-06;
1.431600e-05 -5.818000e-06;
1.338200e-05 -5.461100e-06;
1.338200e-05 -5.461100e-06;
1.767400e-05 -7.297300e-06;
1.767400e-05 -7.297300e-06;
6.400700e-06 1.540900e-05;
6.400700e-06 1.540900e-05;
5.346200e-06 1.287100e-05;
5.346200e-06 1.287100e-05;
1.289600e-05 -5.332900e-06;
1.289600e-05 -5.332900e-06;
1.697600e-05 -6.997000e-06;
1.697600e-05 -6.997000e-06;
6.025500e-06 1.500900e-05;
6.025500e-06 1.500900e-05;
1.303500e-05 -5.377900e-06;
1.303500e-05 -5.377900e-06;
1.615200e-05 -6.705600e-06;
1.615200e-05 -6.705600e-06;
6.125600e-06 1.376300e-05;
6.125600e-06 1.376300e-05;
1.526500e-05 -6.297700e-06;
1.526500e-05 -6.297700e-06;
4.193600e-06 1.544900e-05;
4.193600e-06 1.544900e-05;
1.482000e-05 -6.321800e-06;
1.482000e-05 -6.321800e-06;
-1.507300e-05 3.193200e-05;
3.091800e-05 2.725200e-05;
3.091800e-05 2.725200e-05;
1.368200e-05 -5.273000e-06;
1.368200e-05 -5.273000e-06;
-1.507300e-05 3.193200e-05;
-1.507300e-05 3.193200e-05;
-1.176800e-05 3.371300e-05;
3.403700e-05 1.231000e-05;
3.403700e-05 1.231000e-05;
1.358900e-05 -7.820600e-06;
1.358900e-05 -7.820600e-06;
-1.288600e-05 3.275900e-05;
-1.288600e-05 3.275900e-05;
-1.176800e-05 3.371300e-05;
-1.176800e-05 3.371300e-05;
3.340000e-05 1.450600e-05;
3.340000e-05 1.450600e-05;
4.053500e-05 2.652900e-06;
4.053500e-05 2.652900e-06;
-1.428200e-05 3.492800e-05;
-1.428200e-05 3.492800e-05;
-1.436700e-05 3.547800e-05;
-1.436700e-05 3.547800e-05;
-1.417600e-05 3.309400e-05;
-1.417600e-05 3.309400e-05;
3.608200e-05 1.512200e-05;
3.608200e-05 1.512200e-05;
3.184300e-05 1.534300e-05;
3.184300e-05 1.534300e-05;
-1.465500e-05 3.600800e-05;
-1.465500e-05 3.600800e-05;
-1.453900e-05 3.544300e-05;
-1.453900e-05 3.544300e-05;
3.653000e-05 1.544300e-05;
3.653000e-05 1.544300e-05;
3.312400e-05 1.330400e-05;
3.312400e-05 1.330400e-05;
-1.459200e-05 3.582300e-05;
-1.459200e-05 3.582300e-05;
-1.511300e-05 3.641100e-05;
-1.511300e-05 3.641100e-05;
3.705400e-05 1.562000e-05;
3.705400e-05 1.562000e-05;
3.535200e-05 1.475200e-05;
3.535200e-05 1.475200e-05;
-1.414200e-05 3.477300e-05;
-1.414200e-05 3.477300e-05;
-1.338800e-05 3.293100e-05;
-1.338800e-05 3.293100e-05;
-1.535700e-05 3.720500e-05;
-1.535700e-05 3.720500e-05;
3.637300e-05 1.534300e-05;
3.637300e-05 1.534300e-05;
3.612700e-05 1.492200e-05;
3.612700e-05 1.492200e-05;
-1.258600e-05 3.084500e-05;
-1.258600e-05 3.084500e-05;
-1.509700e-05 3.649500e-05;
-1.509700e-05 3.649500e-05;
3.519300e-05 1.483600e-05;
3.519300e-05 1.483600e-05;
3.334300e-05 1.406100e-05;
3.334300e-05 1.406100e-05;
3.679100e-05 1.529000e-05;
3.679100e-05 1.529000e-05;
-1.173400e-05 2.880200e-05;
-1.173400e-05 2.880200e-05;
-1.457500e-05 3.524600e-05;
-1.457500e-05 3.524600e-05;
-1.086400e-05 2.669600e-05;
-1.086400e-05 2.669600e-05;
3.135200e-05 1.318000e-05;
3.135200e-05 1.318000e-05;
3.620200e-05 1.501900e-05;
3.620200e-05 1.501900e-05;
-1.392700e-05 3.381400e-05;
-1.392700e-05 3.381400e-05;
-1.058100e-05 2.552300e-05;
-1.058100e-05 2.552300e-05;
2.913300e-05 1.229500e-05;
2.913300e-05 1.229500e-05;
2.700400e-05 1.135500e-05;
2.700400e-05 1.135500e-05;
3.493700e-05 1.450900e-05;
3.493700e-05 1.450900e-05;
-1.342300e-05 3.241100e-05;
-1.342300e-05 3.241100e-05;
-1.065500e-05 2.580600e-05;
-1.065500e-05 2.580600e-05;
2.606700e-05 1.080600e-05;
2.606700e-05 1.080600e-05;
3.360500e-05 1.398900e-05;
3.360500e-05 1.398900e-05;
-1.274600e-05 3.090500e-05;
-1.274600e-05 3.090500e-05;
2.623300e-05 1.090400e-05;
2.623300e-05 1.090400e-05;
3.199200e-05 1.322200e-05;
3.199200e-05 1.322200e-05;
-1.278600e-05 2.989100e-05;
-1.278600e-05 2.989100e-05;
3.034500e-05 1.261700e-05;
3.034500e-05 1.261700e-05;
-1.077000e-05 2.800500e-05;
-1.077000e-05 2.800500e-05;
2.963100e-05 1.189700e-05;
2.963100e-05 1.189700e-05;
-1.613000e-05 2.814700e-05;
-1.613000e-05 2.814700e-05;
2.673300e-05 1.189100e-05;
2.673300e-05 1.189100e-05;
5.678900e-06 8.374400e-05;
5.678900e-06 8.374400e-05;
2.969900e-05 7.919400e-06;
2.969900e-05 7.919400e-06;
3.197500e-05 6.726600e-05;
3.197500e-05 6.726600e-05;
5.317200e-05 6.020400e-05;
5.317200e-05 6.020400e-05;
2.771000e-05 6.919400e-05;
2.771000e-05 6.919400e-05;
2.304100e-05 6.576300e-05;
2.304100e-05 6.576300e-05;
1.833000e-04 -1.483800e-05;
1.833000e-04 -1.483800e-05;
2.973800e-04 -2.268500e-18;
1.250000e-04 0;
2.984100e-05 7.189300e-05;
2.984100e-05 7.189300e-05;
2.762100e-05 6.455600e-05;
2.762100e-05 6.455600e-05;
1.735100e-04 4.276600e-06;
1.735100e-04 4.276600e-06;
2.902300e-05 7.066800e-05;
2.902300e-05 7.066800e-05;
2.906500e-05 7.064000e-05;
2.906500e-05 7.064000e-05;
1.692300e-04 -9.587300e-07;
1.692300e-04 -9.587300e-07;
1.863400e-04 1.501300e-05;
2.987400e-04 -4.430400e-18;
1.863400e-04 1.501300e-05;
1.250000e-04 0;
2.879900e-05 6.988900e-05;
2.879900e-05 6.988900e-05;
2.764400e-05 6.711500e-05;
2.764400e-05 6.711500e-05;
3.021800e-05 7.277900e-05;
3.021800e-05 7.277900e-05;
1.586100e-04 1.953800e-07;
1.586100e-04 1.953800e-07;
1.488700e-04 8.044300e-08;
1.488700e-04 8.044300e-08;
1.726300e-04 -4.462400e-06;
1.726300e-04 -4.462400e-06;
2.648000e-05 6.416900e-05;
2.648000e-05 6.416900e-05;
3.056400e-05 7.404400e-05;
3.056400e-05 7.404400e-05;
1.391800e-04 1.337700e-07;
1.391800e-04 1.337700e-07;
1.701700e-04 9.623900e-07;
1.701700e-04 9.623900e-07;
2.549500e-05 6.150400e-05;
2.549500e-05 6.150400e-05;
3.009700e-05 7.253700e-05;
3.009700e-05 7.253700e-05;
1.303100e-04 3.831500e-08;
1.303100e-04 3.831500e-08;
1.583800e-04 -9.366200e-08;
1.583800e-04 -9.366200e-08;
2.389500e-05 5.796900e-05;
2.389500e-05 5.796900e-05;
2.196400e-05 5.359100e-05;
2.196400e-05 5.359100e-05;
2.882200e-05 6.956900e-05;
2.882200e-05 6.956900e-05;
1.213900e-04 -9.691100e-08;
1.213900e-04 -9.691100e-08;
1.477700e-04 -4.415300e-08;
1.477700e-04 -4.415300e-08;
2.003300e-05 4.860400e-05;
2.003300e-05 4.860400e-05;
1.860700e-05 4.621600e-05;
1.860700e-05 4.621600e-05;
2.765800e-05 6.706000e-05;
2.765800e-05 6.706000e-05;
1.126000e-04 1.953900e-07;
1.126000e-04 1.953900e-07;
1.074200e-04 -5.187300e-08;
1.074200e-04 -5.187300e-08;
1.392600e-04 -3.464400e-07;
1.392600e-04 -3.464400e-07;
9.726200e-05 -3.558600e-07;
9.726200e-05 -3.558600e-07;
1.512500e-05 3.800900e-05;
1.512500e-05 3.800900e-05;
2.670000e-05 6.440000e-05;
2.670000e-05 6.440000e-05;
1.280900e-04 6.955200e-08;
1.280900e-04 6.955200e-08;
2.534100e-05 6.162000e-05;
2.534100e-05 6.162000e-05;
1.180200e-04 2.027400e-08;
1.180200e-04 2.027400e-08;
2.550400e-05 6.240700e-05;
2.550400e-05 6.240700e-05;
1.096200e-04 -1.126500e-07;
1.096200e-04 -1.126500e-07;
2.492400e-05 6.066300e-05;
2.492400e-05 6.066300e-05;
1.038000e-04 7.371000e-08;
1.038000e-04 7.371000e-08;
2.646800e-05 6.148400e-05;
2.646800e-05 6.148400e-05;
9.400900e-05 3.580600e-07;
9.400900e-05 3.580600e-07;
1.792200e-05 -4.395000e-08;
1.792200e-05 -4.395000e-08;
2.628500e-05 -6.124900e-05;
2.628500e-05 -6.124900e-05;
2.475600e-05 -5.993100e-05;
2.475600e-05 -5.993100e-05;
1.565200e-05 -3.925600e-05;
1.565200e-05 -3.925600e-05;
2.553100e-05 -6.260300e-05;
2.553100e-05 -6.260300e-05;
1.938900e-05 -4.799700e-05;
1.938900e-05 -4.799700e-05;
2.564900e-05 -6.245500e-05;
2.564900e-05 -6.245500e-05;
2.091300e-05 -5.091500e-05;
2.091300e-05 -5.091500e-05;
2.728200e-05 -6.576400e-05;
2.728200e-05 -6.576400e-05;
2.328600e-05 -5.670600e-05;
2.328600e-05 -5.670600e-05;
2.848900e-05 -6.892500e-05;
2.848900e-05 -6.892500e-05;
2.541400e-05 -6.147700e-05;
2.541400e-05 -6.147700e-05;
2.945900e-05 -7.128200e-05;
2.945900e-05 -7.128200e-05;
2.719700e-05 -6.579800e-05;
2.719700e-05 -6.579800e-05;
3.002600e-05 -7.254800e-05;
3.002600e-05 -7.254800e-05;
2.853600e-05 -6.923600e-05;
2.853600e-05 -6.923600e-05;
2.976500e-05 -7.201400e-05;
2.976500e-05 -7.201400e-05;
2.963800e-05 -7.195500e-05;
2.963800e-05 -7.195500e-05;
2.869100e-05 -6.907600e-05;
2.869100e-05 -6.907600e-05;
2.759700e-05 -6.713000e-05;
2.759700e-05 -6.713000e-05;
2.992600e-05 -7.241100e-05;
2.992600e-05 -7.241100e-05;
2.658100e-05 -6.199300e-05;
2.658100e-05 -6.199300e-05;
2.893300e-05 -7.046500e-05;
2.893300e-05 -7.046500e-05;
2.242300e-05 -6.440600e-05;
2.242300e-05 -6.440600e-05;
2.846800e-05 -6.852300e-05;
2.846800e-05 -6.852300e-05;
2.529200e-05 -6.365600e-05;
2.529200e-05 -6.365600e-05;
2.956000e-05 -6.125100e-05;
2.956000e-05 -6.125100e-05;
2.956000e-05 -6.125100e-05;
