2.618600e-04 8.536900e-05;
2.601400e-04 8.553300e-05;
1.983000e-04 5.048800e-05;
1.937100e-04 7.727500e-05;
1.274400e-04 -2.511900e-04;
9.704100e-05 -1.621300e-04;
1.148100e-04 -2.266800e-04;
1.161200e-04 -2.311100e-04;
7.564700e-05 -1.784900e-04;
2.673800e-05 -5.260200e-05;
1.552900e-04 -1.708200e-05;
2.673800e-05 -5.260200e-05;
5.659500e-05 1.842700e-05;
5.659500e-05 1.842700e-05;
4.329400e-05 1.024800e-04;
4.329400e-05 1.024800e-04;
2.266500e-04 2.078200e-04;
1.047200e-04 -4.250500e-05;
1.047200e-04 -4.250500e-05;
-8.496200e-05 2.091300e-04;
-8.496200e-05 2.091300e-04;
2.658100e-05 6.226200e-04;
2.124300e-04 8.967300e-05;
2.124300e-04 8.967300e-05;
3.983300e-03 3.587200e-17;
2.857800e-03 -2.527100e-17;
3.815800e-03 5.984700e-05;
3.787500e-03 -7.264500e-05;
8.011200e-04 1.117900e-05;
8.011200e-04 1.117900e-05;
2.405900e-03 9.780600e-04;
1.495900e-04 3.222100e-04;
1.495900e-04 3.222100e-04;
7.713600e-04 -9.808700e-06;
1.477500e-04 -3.191200e-04;
7.713600e-04 -9.808700e-06;
1.477500e-04 -3.191200e-04;
1.477500e-04 -3.191200e-04;
1.787100e-04 6.039800e-05;
2.592300e-04 8.544800e-05;
1.799000e-04 5.949300e-05;
1.778700e-04 5.647000e-05;
2.583400e-04 8.463100e-05;
1.733000e-04 5.522500e-05;
1.828300e-04 6.025300e-05;
7.410800e-05 -1.525700e-04;
2.439000e-04 8.074800e-05;
2.459500e-04 8.018200e-05;
1.640500e-04 5.358800e-05;
1.725700e-04 5.719100e-05;
1.120500e-04 -2.230300e-04;
7.883700e-05 -1.527100e-04;
7.508000e-05 -1.478900e-04;
1.274200e-04 -2.507500e-04;
8.070100e-05 -1.543000e-04;
2.596400e-04 8.610800e-05;
2.460800e-04 8.002000e-05;
1.540100e-04 4.990000e-05;
1.634800e-04 5.461100e-05;
1.168900e-04 -2.315400e-04;
7.302400e-05 -1.431600e-04;
1.209000e-04 -2.391400e-04;
8.067700e-05 -1.612300e-04;
2.564200e-04 8.356800e-05;
2.440200e-04 7.996400e-05;
1.443300e-04 4.657000e-05;
2.247600e-04 7.327400e-05;
1.360900e-04 4.436100e-05;
1.556000e-04 5.147300e-05;
1.150900e-04 -2.264100e-04;
6.928900e-05 -1.358200e-04;
1.200600e-04 -2.384100e-04;
7.828100e-05 -1.570500e-04;
2.598500e-04 8.477000e-05;
2.152500e-04 6.982000e-05;
1.271900e-04 4.118200e-05;
2.630400e-04 8.695200e-05;
1.497500e-04 4.958800e-05;
1.140500e-04 -2.241900e-04;
6.599300e-05 -1.289000e-04;
1.069700e-04 -2.100400e-04;
6.164800e-05 -1.211700e-04;
1.215400e-04 -2.406000e-04;
7.624800e-05 -1.513600e-04;
2.360900e-04 7.760100e-05;
2.180700e-04 7.158200e-05;
1.196000e-04 3.899200e-05;
2.680800e-04 8.882700e-05;
2.162300e-04 7.234900e-05;
1.147800e-04 3.787800e-05;
1.427900e-04 4.777500e-05;
1.047200e-04 -2.073000e-04;
5.815900e-05 -1.136400e-04;
1.236600e-04 -2.474600e-04;
1.248500e-04 -2.459300e-04;
7.338100e-05 -1.452100e-04;
2.274600e-04 7.578800e-05;
2.672700e-04 8.954000e-05;
2.637300e-04 9.052300e-05;
1.969800e-04 6.854300e-05;
1.137500e-04 3.908100e-05;
1.338500e-04 4.481800e-05;
1.009300e-04 -1.984100e-04;
5.432000e-05 -1.065700e-04;
9.349300e-05 -1.866700e-04;
5.200300e-05 -1.036600e-04;
1.270500e-04 -2.513300e-04;
1.116800e-04 -2.223500e-04;
6.917800e-05 -1.388700e-04;
2.333000e-04 7.973400e-05;
2.613100e-04 9.326000e-05;
2.575900e-04 9.237700e-05;
1.991100e-04 6.934700e-05;
1.160100e-04 3.742100e-05;
1.277900e-04 4.402000e-05;
8.620500e-05 -1.770000e-04;
5.178300e-05 -1.049300e-04;
1.143300e-04 -2.370000e-04;
1.266000e-04 -2.547100e-04;
1.078100e-04 -2.151400e-04;
6.510400e-05 -1.306700e-04;
2.108200e-04 7.470100e-05;
5.526600e-05 -1.076800e-04;
2.625900e-04 9.036700e-05;
2.543400e-04 7.894400e-05;
1.826600e-04 4.968800e-05;
1.177200e-04 4.083300e-05;
8.705300e-05 -1.792100e-04;
8.651500e-05 -1.593900e-04;
1.142500e-04 -2.398100e-04;
1.218400e-04 -2.525900e-04;
1.032900e-04 -2.114000e-04;
6.197000e-05 -1.241500e-04;
2.101900e-04 6.894100e-05;
1.552900e-04 -1.708200e-05;
1.280800e-04 -1.151600e-04;
2.819900e-04 5.350400e-05;
2.568900e-04 1.931500e-05;
1.993800e-04 4.758700e-04;
1.399100e-04 4.148000e-05;
1.242900e-04 -2.358500e-04;
1.386200e-04 -1.994700e-04;
1.225500e-04 -2.475500e-04;
9.471200e-05 -1.978300e-04;
5.889400e-05 -1.206000e-04;
2.666000e-04 2.933600e-05;
2.431600e-04 -8.317600e-05;
1.973600e-04 -1.765700e-04;
3.488000e-04 -6.092000e-05;
1.915500e-04 4.136000e-04;
1.079300e-04 2.636700e-04;
1.585500e-04 4.325700e-04;
2.084600e-04 5.000300e-04;
2.759800e-04 -3.644500e-05;
1.662000e-04 -2.395800e-04;
1.095500e-04 -2.005600e-04;
5.488100e-05 -1.130000e-04;
3.964500e-04 -8.973700e-05;
2.978600e-04 -2.008200e-04;
4.185200e-04 -1.720800e-04;
1.124900e-04 2.646200e-04;
1.814600e-04 4.314600e-04;
1.114000e-04 2.630000e-04;
1.800100e-04 4.314100e-04;
2.105200e-04 4.975900e-04;
4.162700e-04 -1.465200e-04;
2.500700e-04 -1.048800e-04;
2.306200e-04 -2.178100e-04;
6.878100e-05 -1.276600e-04;
4.802100e-04 -1.988900e-04;
3.580800e-04 -2.153300e-04;
1.125900e-04 2.689500e-04;
1.850600e-04 4.416800e-04;
1.152400e-04 2.750200e-04;
2.034800e-04 4.923100e-04;
4.312500e-04 -1.767900e-04;
2.529800e-04 -1.022600e-04;
5.013700e-04 -2.051100e-04;
2.218100e-04 -1.695000e-04;
4.081200e-04 -1.801400e-04;
1.150000e-04 2.799900e-04;
2.009300e-04 4.759500e-04;
1.189600e-04 2.796300e-04;
1.902500e-04 4.530800e-04;
1.868500e-04 4.423000e-04;
1.176600e-04 2.811000e-04;
4.452900e-04 -1.807300e-04;
2.673000e-04 -1.091700e-04;
5.038800e-04 -2.070100e-04;
4.233500e-04 -1.740900e-04;
2.547800e-04 -1.012800e-04;
1.215000e-04 2.892200e-04;
2.070900e-04 4.926400e-04;
1.964600e-04 4.736900e-04;
1.182200e-04 2.811400e-04;
4.604200e-04 -1.900100e-04;
2.763700e-04 -1.121000e-04;
5.002200e-04 -2.025700e-04;
4.259000e-04 -1.750800e-04;
2.573400e-04 -1.067400e-04;
1.227700e-04 2.957100e-04;
2.014100e-04 4.869200e-04;
1.978900e-04 4.709500e-04;
1.148800e-04 2.731900e-04;
4.597800e-04 -1.885200e-04;
2.817100e-04 -1.151200e-04;
4.708600e-04 -1.927500e-04;
2.752200e-04 -1.129900e-04;
1.203900e-04 2.901700e-04;
2.054400e-04 4.914800e-04;
1.964600e-04 4.689700e-04;
1.106100e-04 2.617500e-04;
1.877300e-04 4.457000e-04;
1.042400e-04 2.475200e-04;
4.678100e-04 -1.905900e-04;
2.805600e-04 -1.145000e-04;
4.662300e-04 -1.940200e-04;
2.844800e-04 -1.182000e-04;
1.164300e-04 2.800300e-04;
2.101700e-04 4.990800e-04;
2.108700e-04 5.057400e-04;
1.701700e-04 4.077300e-04;
9.736900e-05 2.322900e-04;
4.600200e-04 -1.895700e-04;
2.735400e-04 -1.113400e-04;
4.841000e-04 -1.983000e-04;
2.907300e-04 -1.193700e-04;
1.125700e-04 2.704500e-04;
1.932500e-04 4.628900e-04;
2.122600e-04 5.138100e-04;
1.740000e-04 4.171100e-04;
9.134600e-05 2.178500e-04;
1.614600e-04 3.973300e-04;
8.642300e-05 2.117000e-04;
4.554000e-04 -1.858500e-04;
2.625600e-04 -1.071300e-04;
4.447700e-04 -1.803400e-04;
2.497000e-04 -1.014300e-04;
4.641400e-04 -1.886800e-04;
2.869900e-04 -1.191500e-04;
1.076000e-04 2.598600e-04;
1.841500e-04 4.445400e-04;
1.525000e-04 3.847400e-04;
8.615500e-05 2.121800e-04;
2.113300e-04 5.182000e-04;
1.906300e-04 4.875200e-04;
4.013100e-04 -1.649900e-04;
2.327400e-04 -9.494800e-05;
5.055900e-04 -2.092200e-04;
4.745200e-04 -1.960200e-04;
2.817200e-04 -1.154500e-04;
1.028800e-04 2.493800e-04;
1.770600e-04 4.411300e-04;
1.520800e-04 3.707600e-04;
9.046000e-05 2.093900e-04;
1.910400e-04 4.853200e-04;
2.017300e-04 5.134900e-04;
1.477500e-04 3.072800e-04;
3.848900e-04 -1.618700e-04;
2.192700e-04 -8.993200e-05;
2.125200e-04 -8.916400e-05;
4.077100e-04 -1.664500e-04;
5.123200e-04 -2.116100e-04;
4.352000e-04 -1.802500e-04;
2.713900e-04 -1.123000e-04;
9.629400e-05 2.409000e-04;
1.628600e-04 4.148700e-04;
2.151500e-04 -8.488600e-05;
2.137800e-04 4.677300e-04;
2.081000e-04 5.117900e-04;
2.266500e-04 2.078200e-04;
2.480200e-04 3.845000e-04;
3.599400e-04 -1.555400e-04;
2.133400e-04 -9.001800e-05;
4.767800e-04 -2.077900e-04;
5.168500e-04 -2.174800e-04;
4.282200e-04 -1.774600e-04;
2.588100e-04 -1.073000e-04;
9.207000e-05 2.257700e-04;
1.949100e-04 4.221600e-04;
3.633900e-04 -1.527800e-04;
3.281800e-04 -1.189900e-04;
3.173800e-04 -7.146000e-06;
4.232700e-04 1.628100e-04;
3.014700e-04 4.864400e-04;
4.065200e-04 3.410700e-04;
4.791400e-04 -2.099100e-04;
5.044000e-04 -2.183900e-04;
4.181100e-04 -1.789300e-04;
2.470800e-04 -1.024900e-04;
1.198900e-04 2.664000e-04;
3.231800e-04 4.334600e-04;
4.850900e-04 -1.815000e-04;
4.635900e-04 -9.991900e-05;
5.377300e-04 2.562200e-05;
5.922800e-04 2.328500e-04;
5.372200e-04 4.260400e-04;
4.997200e-04 -2.116100e-04;
3.955200e-04 -1.727200e-04;
2.373600e-04 -1.013600e-04;
-3.820600e-04 9.428600e-04;
4.545200e-04 3.588800e-04;
6.736600e-04 4.442700e-04;
5.584100e-04 -1.289200e-04;
6.762800e-04 5.970800e-05;
7.823500e-04 3.175400e-04;
4.306900e-04 -1.593200e-04;
2.191600e-04 -9.352000e-05;
-3.068600e-04 8.424200e-04;
-2.214900e-04 5.256200e-04;
-4.103200e-04 9.994800e-04;
-3.922700e-04 8.398700e-04;
8.362900e-04 4.019800e-04;
5.382200e-04 2.235200e-04;
9.427300e-04 3.844000e-04;
5.677200e-04 -4.376700e-05;
7.905500e-04 1.690300e-04;
2.685600e-04 -1.003300e-04;
-3.541400e-04 8.664200e-04;
-2.135900e-04 5.282800e-04;
-4.051300e-04 9.962200e-04;
-3.666000e-04 8.970100e-04;
-2.140000e-04 5.349600e-04;
8.831400e-04 3.726300e-04;
5.401700e-04 2.274500e-04;
9.953200e-04 4.177600e-04;
8.241700e-04 3.110400e-04;
5.677300e-04 6.578900e-05;
-3.685600e-04 8.997000e-04;
-2.274100e-04 5.523400e-04;
-3.971200e-04 9.533600e-04;
-2.231600e-04 5.376400e-04;
9.278600e-04 3.843200e-04;
5.667200e-04 2.391600e-04;
9.939700e-04 4.186800e-04;
8.560400e-04 3.575300e-04;
5.246000e-04 2.263100e-04;
-3.967100e-04 9.805800e-04;
-2.256400e-04 5.644100e-04;
-3.593900e-04 8.811900e-04;
-2.332700e-04 5.680200e-04;
-3.760800e-04 9.144200e-04;
-2.315100e-04 5.577600e-04;
9.203700e-04 3.855000e-04;
5.779600e-04 2.434300e-04;
9.405300e-04 3.916600e-04;
5.341100e-04 2.217100e-04;
-3.875800e-04 9.378300e-04;
-2.323300e-04 5.676800e-04;
-4.091600e-04 1.005700e-03;
-2.355500e-04 5.779900e-04;
9.217000e-04 3.854600e-04;
5.846100e-04 2.467300e-04;
9.362000e-04 3.889200e-04;
5.587500e-04 2.315900e-04;
-3.891900e-04 9.522700e-04;
-2.252400e-04 5.535300e-04;
-3.996000e-04 9.689400e-04;
-2.432500e-04 5.858800e-04;
9.178600e-04 3.873300e-04;
5.753900e-04 2.402200e-04;
9.312800e-04 3.901700e-04;
5.724700e-04 2.362700e-04;
-3.817800e-04 9.330900e-04;
-2.140800e-04 5.285000e-04;
-3.551300e-04 8.717000e-04;
-2.036800e-04 4.986600e-04;
-4.012200e-04 9.767800e-04;
-2.381000e-04 5.775900e-04;
9.616400e-04 4.039000e-04;
5.585300e-04 2.364100e-04;
9.353100e-04 3.874900e-04;
5.796200e-04 2.420100e-04;
-3.360000e-04 8.161700e-04;
-1.914100e-04 4.668200e-04;
-4.168700e-04 1.011400e-03;
-4.110200e-04 1.007400e-03;
-2.308900e-04 5.606200e-04;
9.218800e-04 3.842500e-04;
5.351000e-04 2.255100e-04;
8.969700e-04 3.812600e-04;
5.040300e-04 2.115600e-04;
9.313200e-04 3.936600e-04;
5.733200e-04 2.376300e-04;
-3.384600e-04 8.172900e-04;
-1.789900e-04 4.390500e-04;
-3.036000e-04 7.189800e-04;
-1.793700e-04 4.225400e-04;
-4.270000e-04 1.026500e-03;
-3.796000e-04 9.255200e-04;
-2.234300e-04 5.404800e-04;
8.558200e-04 3.570100e-04;
4.742100e-04 1.998100e-04;
1.010000e-03 4.163800e-04;
9.561200e-04 3.981500e-04;
5.550700e-04 2.324000e-04;
-3.266100e-04 7.519300e-04;
-1.801400e-04 4.258500e-04;
-4.187400e-04 9.429100e-04;
-4.377100e-04 1.036600e-03;
-3.573600e-04 8.634300e-04;
-2.157500e-04 5.199000e-04;
8.172900e-04 3.422800e-04;
4.431800e-04 1.853200e-04;
7.753400e-04 3.153900e-04;
4.330800e-04 1.762000e-04;
1.024500e-03 4.287100e-04;
8.838800e-04 3.657200e-04;
5.387500e-04 2.235200e-04;
-3.032500e-04 7.163800e-04;
-1.710200e-04 4.294800e-04;
-2.216000e-04 6.460100e-04;
-4.248700e-04 9.590000e-04;
-4.460200e-04 1.010300e-03;
-3.562900e-04 8.359500e-04;
-2.075100e-04 4.987400e-04;
4.321200e-04 1.870900e-04;
7.372000e-04 2.890200e-04;
4.361300e-04 1.760400e-04;
9.744800e-04 3.799300e-04;
1.040400e-03 4.208800e-04;
8.786200e-04 3.641400e-04;
5.126900e-04 2.124600e-04;
2.658100e-05 6.226200e-04;
-3.637300e-04 9.729500e-04;
-1.998900e-04 9.261700e-04;
-4.254800e-04 1.001300e-03;
-3.489800e-04 7.841300e-04;
-2.052600e-04 4.759000e-04;
7.588800e-04 3.086900e-04;
6.458700e-04 3.100500e-04;
4.613600e-04 4.488900e-04;
3.735100e-04 8.449700e-04;
9.936100e-04 3.824700e-04;
1.023000e-03 3.995400e-04;
8.582400e-04 3.411000e-04;
4.924200e-04 2.029300e-04;
8.991900e-05 1.069100e-03;
-2.634500e-04 1.111800e-03;
-3.217600e-04 8.576000e-04;
-1.882000e-04 4.420000e-04;
9.468900e-04 4.300900e-04;
8.045600e-04 5.172700e-04;
7.277300e-04 8.087000e-04;
5.098700e-04 1.178100e-03;
1.005100e-03 4.029100e-04;
8.356900e-04 3.223300e-04;
4.730100e-04 1.889100e-04;
1.549000e-04 1.366500e-03;
-1.452300e-04 1.071900e-03;
-2.050700e-04 5.453500e-04;
6.602900e-04 1.558600e-03;
9.726300e-04 6.018900e-04;
8.714000e-04 1.050400e-03;
8.237500e-04 3.767100e-04;
4.352300e-04 1.742700e-04;
3.281400e-04 1.580700e-03;
1.476700e-04 1.159600e-03;
7.937500e-04 1.878600e-03;
8.771400e-04 1.354800e-03;
8.486700e-04 7.077300e-04;
5.061300e-04 2.281600e-04;
6.421000e-04 1.774500e-03;
4.619900e-04 1.099400e-03;
8.203800e-04 1.992800e-03;
7.239200e-04 1.604100e-03;
7.007900e-04 8.859400e-04;
7.417000e-04 1.770000e-03;
4.571400e-04 1.111300e-03;
8.259000e-04 1.974100e-03;
7.004600e-04 1.688100e-03;
4.183600e-04 1.047300e-03;
2.814800e-03 -1.482000e-04;
7.571200e-04 1.837900e-03;
4.683000e-04 1.136100e-03;
7.493000e-04 1.810000e-03;
4.389900e-04 1.052400e-03;
2.850300e-03 1.508600e-04;
4.394700e-03 1.093600e-05;
2.757200e-03 1.764500e-05;
7.583100e-04 1.840500e-03;
4.627400e-04 1.123000e-03;
7.827300e-04 1.893100e-03;
4.566300e-04 1.112700e-03;
2.735900e-03 -1.934200e-05;
4.141500e-03 -5.542900e-06;
2.624400e-03 -1.065700e-05;
4.037100e-03 -3.294200e-05;
7.687600e-04 1.875100e-03;
4.568800e-04 1.108300e-03;
7.610600e-04 1.855800e-03;
4.796500e-04 1.150400e-03;
3.904900e-03 -7.045200e-07;
2.501000e-03 1.336400e-05;
2.641700e-03 -9.453900e-06;
4.240900e-03 9.167800e-06;
7.666300e-04 1.872800e-03;
4.381400e-04 1.069300e-03;
7.288000e-04 1.751900e-03;
4.285400e-04 1.029700e-03;
7.647700e-04 1.853100e-03;
4.815700e-04 1.167800e-03;
4.174700e-03 1.585100e-05;
2.372500e-03 -9.200400e-06;
3.774000e-03 3.121700e-06;
2.237300e-03 9.212800e-07;
2.508100e-03 1.766000e-05;
3.897000e-03 1.304100e-05;
7.795400e-04 1.860000e-03;
4.118200e-04 9.946700e-04;
7.961200e-04 1.913100e-03;
4.742100e-04 1.147800e-03;
3.455000e-03 7.365200e-06;
2.105700e-03 5.015800e-06;
4.293900e-03 6.584400e-06;
4.195700e-03 -2.359700e-05;
2.344500e-03 -1.485100e-05;
7.075900e-04 1.722000e-03;
3.868500e-04 9.395900e-04;
8.177600e-04 1.987300e-03;
7.436100e-04 1.791500e-03;
4.600900e-04 1.104600e-03;
3.519400e-03 -1.312400e-06;
1.976100e-03 -4.942200e-06;
4.319700e-03 8.847700e-06;
3.568100e-03 -1.641300e-05;
2.240900e-03 6.332200e-06;
6.857800e-04 1.677900e-03;
3.557600e-04 8.746100e-04;
6.349600e-04 1.596800e-03;
3.226300e-04 7.980600e-04;
8.226900e-04 2.013200e-03;
6.955700e-04 1.690400e-03;
4.418500e-04 1.071100e-03;
3.376800e-03 -1.201900e-05;
1.847900e-03 3.354100e-06;
4.370700e-03 -8.721300e-06;
3.489200e-03 1.358400e-05;
2.077100e-03 4.459600e-07;
5.727200e-04 1.479500e-03;
2.837300e-04 7.336100e-04;
4.907800e-04 1.315200e-03;
2.376200e-04 6.336600e-04;
7.667300e-04 1.981200e-03;
8.040200e-04 2.012600e-03;
6.931000e-04 1.698300e-03;
4.270100e-04 1.031600e-03;
3.152100e-03 1.419600e-05;
1.757800e-03 7.393900e-07;
4.074200e-03 6.366300e-06;
3.033700e-03 -7.882400e-06;
1.645200e-03 -6.745500e-06;
4.230700e-03 8.145300e-07;
3.316300e-03 -7.925800e-07;
1.921900e-03 2.460500e-06;
2.824500e-03 1.124300e-05;
1.658400e-03 3.326800e-05;
3.488400e-04 6.805200e-04;
2.669700e-03 1.673900e-04;
5.220600e-04 1.264900e-03;
7.059400e-04 1.897700e-03;
6.833900e-04 1.751800e-03;
7.654100e-04 2.029100e-03;
7.113900e-04 1.813700e-03;
4.065000e-04 1.005500e-03;
4.274700e-03 6.922800e-06;
4.090200e-03 1.189800e-05;
4.010600e-03 5.944700e-07;
3.054800e-03 2.092700e-06;
1.808000e-03 -4.473400e-07;
3.873600e-03 5.618800e-05;
9.547300e-04 1.291200e-03;
2.405900e-03 9.780600e-04;
3.675500e-03 3.442600e-04;
9.576700e-04 1.761200e-03;
8.256600e-04 2.057400e-03;
6.652500e-04 1.750100e-03;
4.071200e-04 1.024200e-03;
4.268200e-03 8.048700e-06;
4.155700e-03 -1.435300e-05;
2.915400e-03 -5.303000e-06;
1.700000e-03 2.989400e-07;
4.201600e-03 -1.009700e-05;
1.809600e-03 1.548800e-03;
2.964100e-03 8.052100e-04;
3.717400e-03 9.767700e-06;
1.214600e-03 1.811100e-03;
7.924800e-04 1.690100e-03;
4.174500e-04 1.053000e-03;
3.843800e-03 -4.630800e-05;
2.857500e-03 4.697200e-06;
1.596500e-03 6.149600e-06;
3.712900e-03 -3.318700e-04;
1.926300e-03 1.080600e-03;
2.669200e-03 1.856100e-05;
3.046000e-03 -7.430300e-04;
1.095400e-03 9.863600e-04;
4.640700e-04 9.140900e-04;
2.798100e-03 -1.516200e-04;
1.597900e-03 -3.190100e-05;
2.636400e-03 -8.982400e-04;
1.351800e-03 -9.304400e-05;
1.976800e-03 -1.121200e-03;
1.938100e-03 -1.474900e-03;
5.101300e-04 6.343600e-06;
9.461700e-04 -1.209400e-03;
9.897300e-04 -1.638900e-03;
9.463600e-04 -1.281000e-03;
1.169500e-03 -1.881300e-03;
4.618800e-04 -9.141800e-04;
7.388200e-04 -1.785200e-03;
4.912800e-04 -1.133200e-03;
3.370800e-04 -6.774800e-04;
7.758000e-04 -1.705100e-03;
7.989300e-04 -2.056100e-03;
4.180300e-04 -1.042000e-03;
6.930200e-04 -1.865200e-03;
4.832500e-04 -1.262600e-03;
2.448700e-04 -6.505800e-04;
6.486400e-04 -1.710500e-03;
7.642600e-04 -2.024900e-03;
4.068800e-04 -1.027800e-03;
7.703100e-04 -1.994800e-03;
5.379000e-04 -1.409000e-03;
2.960700e-04 -7.594500e-04;
7.010000e-04 -1.788500e-03;
4.128400e-04 -1.019000e-03;
8.136900e-04 -2.016500e-03;
6.230600e-04 -1.568600e-03;
3.350500e-04 -8.344400e-04;
7.245400e-04 -1.775300e-03;
4.336200e-04 -1.049200e-03;
8.269700e-04 -2.018600e-03;
6.665200e-04 -1.627600e-03;
3.759900e-04 -9.186600e-04;
7.248700e-04 -1.750000e-03;
4.564800e-04 -1.097900e-03;
8.320100e-04 -1.991300e-03;
7.044700e-04 -1.693300e-03;
4.109800e-04 -9.929100e-04;
7.807700e-04 -1.889000e-03;
4.656300e-04 -1.131200e-03;
7.586200e-04 -1.838500e-03;
4.343200e-04 -1.053000e-03;
7.700900e-04 -1.867500e-03;
4.765300e-04 -1.146000e-03;
7.768100e-04 -1.894300e-03;
4.514100e-04 -1.099500e-03;
7.916000e-04 -1.920200e-03;
4.678800e-04 -1.136100e-03;
7.614800e-04 -1.845200e-03;
4.704200e-04 -1.136800e-03;
7.786600e-04 -1.888900e-03;
4.555500e-04 -1.102000e-03;
7.577100e-04 -1.828800e-03;
4.745200e-04 -1.145800e-03;
7.476800e-04 -1.821400e-03;
4.211200e-04 -1.012200e-03;
4.409000e-04 -1.063200e-03;
7.681400e-04 -1.845000e-03;
7.819000e-04 -1.902500e-03;
4.562700e-04 -1.119000e-03;
7.224700e-04 -1.741900e-03;
4.118800e-04 -1.026100e-03;
8.237600e-04 -1.976900e-03;
7.777900e-04 -1.889600e-03;
4.501400e-04 -1.086100e-03;
7.725200e-04 -1.636600e-03;
8.275600e-04 -1.990100e-03;
7.246800e-04 -1.752300e-03;
4.224500e-04 -1.031000e-03;
7.713800e-04 -1.893100e-03;
6.219900e-04 -1.675600e-03;
4.363500e-04 -1.013200e-03;
1.121100e-04 2.566900e-05;
8.847300e-05 3.115000e-05;
1.121100e-04 2.566900e-05;
8.847300e-05 3.115000e-05;
9.713500e-05 3.138000e-05;
9.713500e-05 3.138000e-05;
8.915700e-05 2.733000e-05;
8.915700e-05 2.733000e-05;
1.083900e-04 4.640700e-05;
8.906700e-05 2.870600e-05;
8.906700e-05 2.870600e-05;
9.735600e-05 3.238100e-05;
9.735600e-05 3.238100e-05;
3.587200e-05 -7.392800e-05;
3.587200e-05 -7.392800e-05;
5.443700e-05 -8.875700e-05;
5.443700e-05 -8.875700e-05;
4.134500e-05 -8.075400e-05;
4.134500e-05 -8.075400e-05;
8.457300e-05 2.739600e-05;
8.457300e-05 2.739600e-05;
8.906300e-05 2.992800e-05;
8.906300e-05 2.992800e-05;
3.830800e-05 -7.472700e-05;
3.830800e-05 -7.472700e-05;
7.816800e-05 2.521300e-05;
7.816800e-05 2.521300e-05;
7.255800e-05 2.346500e-05;
7.255800e-05 2.346500e-05;
3.968000e-05 -7.556500e-05;
4.057900e-05 -9.925100e-05;
3.968000e-05 -7.556500e-05;
4.057900e-05 -9.925100e-05;
8.458100e-05 2.815700e-05;
8.458100e-05 2.815700e-05;
3.722500e-05 -7.303700e-05;
3.722500e-05 -7.303700e-05;
6.764200e-05 2.192900e-05;
6.764200e-05 2.192900e-05;
4.277300e-05 -8.552700e-05;
4.277300e-05 -8.552700e-05;
7.874500e-05 2.626600e-05;
7.874500e-05 2.626600e-05;
3.491300e-05 -6.810600e-05;
3.491300e-05 -6.810600e-05;
3.285100e-05 -6.426700e-05;
3.285100e-05 -6.426700e-05;
6.291600e-05 2.030000e-05;
6.291600e-05 2.030000e-05;
4.007700e-05 -8.040900e-05;
4.007700e-05 -8.040900e-05;
7.565100e-05 2.495100e-05;
7.565100e-05 2.495100e-05;
3.065900e-05 -5.996400e-05;
3.065900e-05 -5.996400e-05;
5.873400e-05 1.900200e-05;
5.873400e-05 1.900200e-05;
3.914100e-05 -7.803900e-05;
3.914100e-05 -7.803900e-05;
7.162300e-05 2.399000e-05;
7.162300e-05 2.399000e-05;
2.859200e-05 -5.585300e-05;
2.859200e-05 -5.585300e-05;
2.654200e-05 -5.192500e-05;
2.654200e-05 -5.192500e-05;
5.597200e-05 1.832600e-05;
5.597200e-05 1.832600e-05;
3.687500e-05 -7.368900e-05;
3.687500e-05 -7.368900e-05;
6.632400e-05 2.214200e-05;
6.632400e-05 2.214200e-05;
2.545400e-05 -5.030000e-05;
2.545400e-05 -5.030000e-05;
5.604800e-05 1.862500e-05;
5.604800e-05 1.862500e-05;
3.497800e-05 -6.968400e-05;
3.497800e-05 -6.968400e-05;
6.364000e-05 2.187700e-05;
6.364000e-05 2.187700e-05;
2.578200e-05 -5.117700e-05;
2.578200e-05 -5.117700e-05;
3.253200e-05 -6.532000e-05;
3.253200e-05 -6.532000e-05;
5.820900e-05 1.832300e-05;
5.820900e-05 1.832300e-05;
3.074100e-05 -6.141600e-05;
3.074100e-05 -6.141600e-05;
4.828400e-05 1.326400e-04;
5.716600e-05 2.626500e-05;
5.716600e-05 2.626500e-05;
2.931000e-05 -6.012000e-05;
2.931000e-05 -6.012000e-05;
6.133600e-05 1.288200e-04;
4.828400e-05 1.326400e-04;
4.828400e-05 1.326400e-04;
1.542900e-04 -1.329200e-05;
1.542900e-04 -1.329200e-05;
2.836200e-05 -5.427500e-05;
2.836200e-05 -5.427500e-05;
6.133600e-05 1.288200e-04;
6.133600e-05 1.288200e-04;
5.638800e-05 1.298900e-04;
5.638800e-05 1.298900e-04;
1.206500e-04 -5.665700e-05;
1.206500e-04 -5.665700e-05;
2.158300e-05 -5.893400e-05;
2.158300e-05 -5.893400e-05;
5.380000e-05 1.340300e-04;
5.380000e-05 1.340300e-04;
5.828800e-05 1.387900e-04;
5.828800e-05 1.387900e-04;
5.949900e-05 1.406200e-04;
5.949900e-05 1.406200e-04;
1.252400e-04 -4.922900e-05;
1.252400e-04 -4.922900e-05;
1.193000e-04 -9.990100e-05;
1.193000e-04 -9.990100e-05;
5.930400e-05 1.419800e-04;
5.930400e-05 1.419800e-04;
6.011500e-05 1.424600e-04;
6.011500e-05 1.424600e-04;
1.348600e-04 -5.519700e-05;
1.348600e-04 -5.519700e-05;
1.272100e-04 -4.478900e-05;
1.272100e-04 -4.478900e-05;
6.060400e-05 1.463800e-04;
6.060400e-05 1.463800e-04;
5.956300e-05 1.413600e-04;
5.956300e-05 1.413600e-04;
1.388200e-04 -5.629900e-05;
1.388200e-04 -5.629900e-05;
1.269200e-04 -5.400400e-05;
1.269200e-04 -5.400400e-05;
6.239400e-05 1.501400e-04;
6.239400e-05 1.501400e-04;
5.780900e-05 1.371300e-04;
5.780900e-05 1.371300e-04;
5.507800e-05 1.305800e-04;
5.507800e-05 1.305800e-04;
1.422500e-04 -5.796800e-05;
1.422500e-04 -5.796800e-05;
1.388700e-04 -5.714300e-05;
1.388700e-04 -5.714300e-05;
6.088600e-05 1.470100e-04;
6.088600e-05 1.470100e-04;
5.152300e-05 1.224500e-04;
5.152300e-05 1.224500e-04;
1.412600e-04 -5.746600e-05;
1.412600e-04 -5.746600e-05;
1.430900e-04 -5.941100e-05;
1.430900e-04 -5.941100e-05;
5.855200e-05 1.411500e-04;
5.855200e-05 1.411500e-04;
4.809900e-05 1.141300e-04;
4.809900e-05 1.141300e-04;
1.370900e-04 -5.577500e-05;
1.370900e-04 -5.577500e-05;
1.309300e-04 -5.330100e-05;
1.309300e-04 -5.330100e-05;
1.474800e-04 -6.094900e-05;
1.474800e-04 -6.094900e-05;
5.636100e-05 1.352100e-04;
5.636100e-05 1.352100e-04;
4.473100e-05 1.063300e-04;
4.473100e-05 1.063300e-04;
1.233400e-04 -5.020100e-05;
1.233400e-04 -5.020100e-05;
1.455200e-04 -6.014900e-05;
1.455200e-04 -6.014900e-05;
5.370800e-05 1.296500e-04;
5.370800e-05 1.296500e-04;
4.252600e-05 1.027000e-04;
4.252600e-05 1.027000e-04;
1.145300e-04 -4.655600e-05;
1.145300e-04 -4.655600e-05;
1.071400e-04 -4.374600e-05;
1.071400e-04 -4.374600e-05;
1.414000e-04 -5.838100e-05;
1.414000e-04 -5.838100e-05;
5.114800e-05 1.232300e-04;
5.114800e-05 1.232300e-04;
4.309700e-05 1.040100e-04;
4.309700e-05 1.040100e-04;
1.035500e-04 -4.289500e-05;
1.035500e-04 -4.289500e-05;
1.357900e-04 -5.597400e-05;
1.357900e-04 -5.597400e-05;
4.787600e-05 1.195200e-04;
4.787600e-05 1.195200e-04;
1.052500e-04 -4.352400e-05;
1.052500e-04 -4.352400e-05;
1.292000e-04 -5.363200e-05;
1.292000e-04 -5.363200e-05;
4.822900e-05 1.087600e-04;
4.822900e-05 1.087600e-04;
1.220500e-04 -5.039300e-05;
1.220500e-04 -5.039300e-05;
3.229800e-05 1.206600e-04;
3.229800e-05 1.206600e-04;
1.179500e-04 -5.041700e-05;
1.179500e-04 -5.041700e-05;
-1.205500e-04 2.556200e-04;
2.464600e-04 2.161600e-04;
2.464600e-04 2.161600e-04;
1.079300e-04 -4.177900e-05;
1.079300e-04 -4.177900e-05;
-1.205500e-04 2.556200e-04;
-1.205500e-04 2.556200e-04;
-9.429000e-05 2.697400e-04;
2.722100e-04 9.859200e-05;
2.722100e-04 9.859200e-05;
1.057700e-04 -6.135700e-05;
1.057700e-04 -6.135700e-05;
-1.031800e-04 2.623700e-04;
-1.031800e-04 2.623700e-04;
-9.429000e-05 2.697400e-04;
-9.429000e-05 2.697400e-04;
2.674600e-04 1.161400e-04;
2.674600e-04 1.161400e-04;
3.223800e-04 2.186600e-05;
3.223800e-04 2.186600e-05;
-1.142400e-04 2.793700e-04;
-1.142400e-04 2.793700e-04;
-1.148700e-04 2.837700e-04;
-1.148700e-04 2.837700e-04;
-1.135800e-04 2.651400e-04;
-1.135800e-04 2.651400e-04;
2.885800e-04 1.209700e-04;
2.885800e-04 1.209700e-04;
2.548800e-04 1.226800e-04;
2.548800e-04 1.226800e-04;
-1.172300e-04 2.879100e-04;
-1.172300e-04 2.879100e-04;
-1.162500e-04 2.832800e-04;
-1.162500e-04 2.832800e-04;
2.923300e-04 1.235800e-04;
2.923300e-04 1.235800e-04;
2.653100e-04 1.065500e-04;
2.653100e-04 1.065500e-04;
-1.167900e-04 2.867500e-04;
-1.167900e-04 2.867500e-04;
-1.208900e-04 2.914000e-04;
-1.208900e-04 2.914000e-04;
2.963000e-04 1.249300e-04;
2.963000e-04 1.249300e-04;
2.826500e-04 1.179200e-04;
2.826500e-04 1.179200e-04;
-1.131000e-04 2.781200e-04;
-1.131000e-04 2.781200e-04;
-1.070700e-04 2.634000e-04;
-1.070700e-04 2.634000e-04;
-1.229100e-04 2.976700e-04;
-1.229100e-04 2.976700e-04;
2.909200e-04 1.226800e-04;
2.909200e-04 1.226800e-04;
2.890100e-04 1.194000e-04;
2.890100e-04 1.194000e-04;
-1.005900e-04 2.465200e-04;
-1.005900e-04 2.465200e-04;
-1.207300e-04 2.918700e-04;
-1.207300e-04 2.918700e-04;
2.816000e-04 1.187200e-04;
2.816000e-04 1.187200e-04;
2.666300e-04 1.124700e-04;
2.666300e-04 1.124700e-04;
2.943300e-04 1.223200e-04;
2.943300e-04 1.223200e-04;
-9.395500e-05 2.304500e-04;
-9.395500e-05 2.304500e-04;
-1.166000e-04 2.820400e-04;
-1.166000e-04 2.820400e-04;
-8.715600e-05 2.139900e-04;
-8.715600e-05 2.139900e-04;
2.506200e-04 1.053500e-04;
2.506200e-04 1.053500e-04;
2.895800e-04 1.201400e-04;
2.895800e-04 1.201400e-04;
-1.114700e-04 2.706200e-04;
-1.114700e-04 2.706200e-04;
-8.559400e-05 2.057100e-04;
-8.559400e-05 2.057100e-04;
2.330900e-04 9.832900e-05;
2.330900e-04 9.832900e-05;
2.164600e-04 9.091800e-05;
2.164600e-04 9.091800e-05;
2.796100e-04 1.161400e-04;
2.796100e-04 1.161400e-04;
-1.074000e-04 2.593300e-04;
-1.074000e-04 2.593300e-04;
-8.731900e-05 2.104900e-04;
-8.731900e-05 2.104900e-04;
2.104100e-04 8.690600e-05;
2.104100e-04 8.690600e-05;
2.688500e-04 1.118900e-04;
2.688500e-04 1.118900e-04;
-1.020200e-04 2.469800e-04;
-1.020200e-04 2.469800e-04;
2.142200e-04 8.862100e-05;
2.142200e-04 8.862100e-05;
2.559200e-04 1.058000e-04;
2.559200e-04 1.058000e-04;
-1.016400e-04 2.365600e-04;
-1.016400e-04 2.365600e-04;
2.426400e-04 1.007300e-04;
2.426400e-04 1.007300e-04;
-8.446400e-05 2.178300e-04;
-8.446400e-05 2.178300e-04;
2.347700e-04 9.383100e-05;
2.347700e-04 9.383100e-05;
-1.241900e-04 2.130800e-04;
-1.241900e-04 2.130800e-04;
2.083100e-04 9.197100e-05;
2.083100e-04 9.197100e-05;
4.835100e-05 6.620900e-04;
4.835100e-05 6.620900e-04;
2.261400e-04 5.856400e-05;
2.261400e-04 5.856400e-05;
2.556100e-04 5.389300e-04;
2.556100e-04 5.389300e-04;
4.185000e-04 4.783800e-04;
4.185000e-04 4.783800e-04;
2.222500e-04 5.551500e-04;
2.222500e-04 5.551500e-04;
1.849700e-04 5.265700e-04;
1.849700e-04 5.265700e-04;
1.480300e-03 -1.175900e-04;
1.480300e-03 -1.175900e-04;
2.379000e-03 -1.814800e-17;
1.000000e-03 0;
2.383600e-04 5.745900e-04;
2.383600e-04 5.745900e-04;
2.214900e-04 5.173300e-04;
2.214900e-04 5.173300e-04;
1.393700e-03 3.224600e-05;
1.393700e-03 3.224600e-05;
2.322700e-04 5.653600e-04;
2.322700e-04 5.653600e-04;
2.322500e-04 5.646700e-04;
2.322500e-04 5.646700e-04;
1.352700e-03 -7.624700e-06;
1.352700e-03 -7.624700e-06;
1.506000e-03 1.191100e-04;
2.389900e-03 -3.544300e-17;
1.506000e-03 1.191100e-04;
1.000000e-03 0;
2.303700e-04 5.590300e-04;
2.303700e-04 5.590300e-04;
2.211800e-04 5.370200e-04;
2.211800e-04 5.370200e-04;
2.420100e-04 5.828400e-04;
2.420100e-04 5.828400e-04;
1.270600e-03 1.998600e-06;
1.270600e-03 1.998600e-06;
1.192500e-03 1.405900e-07;
1.192500e-03 1.405900e-07;
1.383400e-03 -3.322500e-05;
1.383400e-03 -3.322500e-05;
2.120700e-04 5.137100e-04;
2.120700e-04 5.137100e-04;
2.445300e-04 5.923400e-04;
2.445300e-04 5.923400e-04;
1.113200e-03 1.291900e-06;
1.113200e-03 1.291900e-06;
1.361500e-03 6.277900e-06;
1.361500e-03 6.277900e-06;
2.041600e-04 4.926000e-04;
2.041600e-04 4.926000e-04;
2.408200e-04 5.804500e-04;
2.408200e-04 5.804500e-04;
1.045800e-03 5.877600e-07;
1.045800e-03 5.877600e-07;
1.271200e-03 2.818000e-07;
1.271200e-03 2.818000e-07;
1.913700e-04 4.642500e-04;
1.913700e-04 4.642500e-04;
1.753400e-04 4.284700e-04;
1.753400e-04 4.284700e-04;
2.304900e-04 5.561800e-04;
2.304900e-04 5.561800e-04;
9.724900e-04 -1.241000e-06;
9.724900e-04 -1.241000e-06;
1.180000e-03 -6.164100e-07;
1.180000e-03 -6.164100e-07;
1.578500e-04 3.851200e-04;
1.578500e-04 3.851200e-04;
1.419600e-04 3.571700e-04;
1.419600e-04 3.571700e-04;
2.211200e-04 5.363000e-04;
2.211200e-04 5.363000e-04;
9.004000e-04 1.555200e-06;
9.004000e-04 1.555200e-06;
8.600200e-04 1.231100e-07;
8.600200e-04 1.231100e-07;
1.115300e-03 -2.689700e-06;
1.115300e-03 -2.689700e-06;
7.854300e-04 -2.359400e-06;
7.854300e-04 -2.359400e-06;
1.081300e-04 2.789400e-04;
1.081300e-04 2.789400e-04;
2.136000e-04 5.152000e-04;
2.136000e-04 5.152000e-04;
1.026600e-03 3.779400e-07;
1.026600e-03 3.779400e-07;
2.028700e-04 4.948200e-04;
2.028700e-04 4.948200e-04;
9.457500e-04 3.424700e-07;
9.457500e-04 3.424700e-07;
2.067000e-04 5.108100e-04;
2.067000e-04 5.108100e-04;
8.774000e-04 -7.112700e-07;
8.774000e-04 -7.112700e-07;
2.083800e-04 5.144400e-04;
2.083800e-04 5.144400e-04;
8.302500e-04 9.147300e-08;
8.302500e-04 9.147300e-08;
2.292200e-04 5.354100e-04;
2.292200e-04 5.354100e-04;
7.600500e-04 2.215200e-06;
7.600500e-04 2.215200e-06;
1.573900e-04 -5.422300e-07;
1.573900e-04 -5.422300e-07;
2.275900e-04 -5.332900e-04;
2.275900e-04 -5.332900e-04;
2.071800e-04 -5.085100e-04;
2.071800e-04 -5.085100e-04;
1.120300e-04 -2.885600e-04;
1.120300e-04 -2.885600e-04;
2.070900e-04 -5.129300e-04;
2.070900e-04 -5.129300e-04;
1.477600e-04 -3.703900e-04;
1.477600e-04 -3.703900e-04;
2.054500e-04 -5.018700e-04;
2.054500e-04 -5.018700e-04;
1.645100e-04 -4.033000e-04;
1.645100e-04 -4.033000e-04;
2.180300e-04 -5.258500e-04;
2.180300e-04 -5.258500e-04;
1.860800e-04 -4.539200e-04;
1.860800e-04 -4.539200e-04;
2.277700e-04 -5.508800e-04;
2.277700e-04 -5.508800e-04;
2.037400e-04 -4.925900e-04;
2.037400e-04 -4.925900e-04;
2.356500e-04 -5.701600e-04;
2.356500e-04 -5.701600e-04;
2.176000e-04 -5.263000e-04;
2.176000e-04 -5.263000e-04;
2.403800e-04 -5.806300e-04;
2.403800e-04 -5.806300e-04;
2.282500e-04 -5.539900e-04;
2.282500e-04 -5.539900e-04;
2.381100e-04 -5.762600e-04;
2.381100e-04 -5.762600e-04;
2.372700e-04 -5.758700e-04;
2.372700e-04 -5.758700e-04;
2.294300e-04 -5.524900e-04;
2.294300e-04 -5.524900e-04;
2.207900e-04 -5.367000e-04;
2.207900e-04 -5.367000e-04;
2.392300e-04 -5.788500e-04;
2.392300e-04 -5.788500e-04;
2.131500e-04 -4.972500e-04;
2.131500e-04 -4.972500e-04;
2.315800e-04 -5.641300e-04;
2.315800e-04 -5.641300e-04;
1.799800e-04 -5.153300e-04;
1.799800e-04 -5.153300e-04;
2.275500e-04 -5.476700e-04;
2.275500e-04 -5.476700e-04;
2.027100e-04 -5.104100e-04;
2.027100e-04 -5.104100e-04;
2.363100e-04 -4.907900e-04;
2.363100e-04 -4.907900e-04;
2.363100e-04 -4.907900e-04;
