0.00019637 6.402e-05;
0.00019509 6.4142e-05;
0.00014874 3.7853e-05;
0.00014529 5.7976e-05;
9.5581e-05 -0.00018839;
7.2795e-05 -0.00012159;
8.6095e-05 -0.00017001;
8.71e-05 -0.00017332;
5.6725e-05 -0.00013387;
0 0;
0 0;
2.002e-05 -3.9377e-05;
0 0;
4.2367e-05 1.3791e-05;
0 0;
3.2341e-05 7.6525e-05;
0 0;
0 0;
7.8207e-05 -3.1731e-05;
0 0;
-6.3115e-05 0.00015547;
0 0;
0 0;
0.00015791 6.6711e-05;
0.0029875 2.6904e-17;
0.0021433 -1.8953e-17;
0.0028643 4.5246e-05;
0.0028434 -5.4592e-05;
0 0;
0.00060021 8.5278e-06;
0 0;
0 0;
0.00011612 0.00025035;
0 0;
0 0;
0.00057783 -7.5269e-06;
0 0;
0.00011485 -0.0002482;
0.00013402 4.5296e-05;
0.00019443 6.4089e-05;
0.00013494 4.4622e-05;
0.00013339 4.2348e-05;
0.00019376 6.3471e-05;
0.00012996 4.1423e-05;
0.00013713 4.5188e-05;
5.5576e-05 -0.00011442;
0.00018294 6.0564e-05;
0.00018446 6.0137e-05;
0.00012304 4.0191e-05;
0.00012943 4.2899e-05;
8.405e-05 -0.00016727;
5.913e-05 -0.00011455;
5.6311e-05 -0.00011092;
9.5567e-05 -0.00018807;
6.0523e-05 -0.00011572;
0.00019474 6.4579e-05;
0.00018456 6.0013e-05;
0.00011551 3.7423e-05;
0.00012261 4.0958e-05;
8.7671e-05 -0.00017366;
5.4768e-05 -0.00010737;
9.0675e-05 -0.00017936;
6.0515e-05 -0.00012093;
0.00019231 6.2678e-05;
0.00018302 5.9973e-05;
0.00010825 3.493e-05;
0.00016857 5.4956e-05;
0.00010207 3.3273e-05;
0.0001167 3.8604e-05;
8.632e-05 -0.00016981;
5.197e-05 -0.00010187;
9.0043e-05 -0.00017881;
5.871e-05 -0.00011779;
0.00019489 6.3583e-05;
0.00016144 5.2363e-05;
9.5393e-05 3.0886e-05;
0.00019729 6.5212e-05;
0.00011231 3.7191e-05;
8.5538e-05 -0.00016815;
4.9493e-05 -9.6678e-05;
8.0226e-05 -0.00015753;
4.6239e-05 -9.0878e-05;
9.1157e-05 -0.00018044;
5.7185e-05 -0.00011352;
0.00017707 5.8206e-05;
0.00016355 5.3676e-05;
8.9693e-05 2.9239e-05;
0.00020106 6.6615e-05;
0.00016216 5.4228e-05;
8.6061e-05 2.8389e-05;
0.00010709 3.583e-05;
7.8546e-05 -0.00015547;
4.362e-05 -8.5231e-05;
9.2754e-05 -0.0001856;
9.3636e-05 -0.00018445;
5.5037e-05 -0.00010891;
0.0001706 5.6836e-05;
0.00020046 6.7131e-05;
0.0001978 6.7828e-05;
0.00014768 5.1333e-05;
8.5238e-05 2.9262e-05;
0.0001004 3.3609e-05;
7.57e-05 -0.0001488;
4.074e-05 -7.9922e-05;
7.0128e-05 -0.00013997;
3.8998e-05 -7.7714e-05;
9.5288e-05 -0.0001885;
8.3761e-05 -0.00016677;
5.1887e-05 -0.00010416;
0.00017502 5.9775e-05;
0.00019605 6.9864e-05;
0.00019317 6.916e-05;
0.0001492 5.1901e-05;
8.686e-05 2.8006e-05;
9.5906e-05 3.3016e-05;
6.4661e-05 -0.00013267;
3.8816e-05 -7.861e-05;
8.5794e-05 -0.00017769;
9.4982e-05 -0.00019102;
8.0868e-05 -0.00016136;
4.8828e-05 -9.8006e-05;
0.00015824 5.5996e-05;
4.1388e-05 -8.0617e-05;
0.00019703 6.7693e-05;
0.00019066 5.9102e-05;
0.00013678 3.7195e-05;
8.8448e-05 3.0641e-05;
6.5269e-05 -0.00013425;
6.4803e-05 -0.00011934;
8.5743e-05 -0.00017974;
9.1467e-05 -0.00018943;
7.7528e-05 -0.00015857;
4.6486e-05 -9.3115e-05;
0.00015784 5.1699e-05;
0.00011626 -1.2773e-05;
9.5882e-05 -8.6227e-05;
0.00021154 4.0139e-05;
0.00019246 1.4518e-05;
0.0001495 0.0003568;
0.00010515 3.1179e-05;
9.3224e-05 -0.00017675;
0.00010387 -0.00014945;
9.2043e-05 -0.00018567;
7.1156e-05 -0.00014845;
4.4214e-05 -9.049e-05;
0.00020011 2.208e-05;
0.00018211 -6.2274e-05;
0.00014781 -0.00013233;
0.00026142 -4.5546e-05;
0.00014374 0.00031016;
8.0968e-05 0.00019775;
0.00011883 0.00032446;
0.00015637 0.00037503;
0.00020712 -2.7261e-05;
0.00012464 -0.00017968;
8.2292e-05 -0.00015057;
4.1261e-05 -8.4874e-05;
0.00029733 -6.7193e-05;
0.00022317 -0.00015056;
0.00031369 -0.00012899;
8.4363e-05 0.00019848;
0.00013608 0.0003236;
8.3527e-05 0.00019723;
0.00013503 0.00032357;
0.00015789 0.00037323;
0.00031225 -0.00010982;
0.00018758 -7.8659e-05;
0.00017297 -0.00016352;
5.1693e-05 -9.5949e-05;
0.00036007 -0.00014914;
0.00026846 -0.00016158;
8.4422e-05 0.00020169;
0.00013877 0.00033123;
8.6436e-05 0.00020627;
0.00015262 0.00036924;
0.00032345 -0.0001326;
0.00018971 -7.6695e-05;
0.00037603 -0.00015384;
0.0001664 -0.00012727;
0.00030607 -0.00013517;
8.6268e-05 0.00020999;
0.00015069 0.00035699;
8.9218e-05 0.00020974;
0.00014266 0.00033977;
0.00014015 0.0003317;
8.8256e-05 0.00021082;
0.00033396 -0.00013556;
0.00020048 -8.1881e-05;
0.00037795 -0.00015527;
0.00031751 -0.00013056;
0.00019109 -7.5983e-05;
9.1114e-05 0.00021691;
0.00015534 0.00036949;
0.00014735 0.00035527;
8.8655e-05 0.00021085;
0.00034531 -0.00014248;
0.00020727 -8.4071e-05;
0.00037519 -0.00015195;
0.00031942 -0.0001313;
0.00019298 -8.004e-05;
9.2082e-05 0.00022179;
0.00015104 0.00036519;
0.0001484 0.00035321;
8.6166e-05 0.0002049;
0.00034483 -0.00014138;
0.00021128 -8.6341e-05;
0.00035314 -0.00014455;
0.00020641 -8.4744e-05;
9.0288e-05 0.00021764;
0.00015407 0.00036859;
0.00014735 0.00035173;
8.2956e-05 0.00019631;
0.0001408 0.00033428;
7.8178e-05 0.00018566;
0.00035086 -0.00014297;
0.00021043 -8.5876e-05;
0.00034968 -0.00014551;
0.00021337 -8.8652e-05;
8.7322e-05 0.00021002;
0.00015761 0.00037432;
0.00015819 0.00037932;
0.00012765 0.00030578;
7.3038e-05 0.00017421;
0.00034503 -0.00014216;
0.00020516 -8.3505e-05;
0.00036308 -0.00014874;
0.00021806 -8.9541e-05;
8.4422e-05 0.00020282;
0.00014494 0.00034717;
0.00015923 0.00038534;
0.00013053 0.00031277;
6.8506e-05 0.00016333;
0.00012116 0.00029778;
6.4798e-05 0.00015858;
0.00034157 -0.0001394;
0.00019692 -8.0352e-05;
0.00033356 -0.00013526;
0.00018729 -7.6083e-05;
0.00034807 -0.00014151;
0.00021523 -8.9358e-05;
8.0699e-05 0.00019489;
0.00013815 0.00033342;
0.00011444 0.00028807;
6.4528e-05 0.0001587;
0.00015865 0.00038857;
0.00014322 0.00036533;
0.000301 -0.00012372;
0.00017455 -7.1199e-05;
0.00037924 -0.00015691;
0.00035591 -0.00014701;
0.00021128 -8.6589e-05;
7.7207e-05 0.00018706;
0.00013303 0.00033091;
0.00011397 0.0002773;
6.7605e-05 0.0001564;
0.00014352 0.00036348;
0.00015168 0.00038506;
0.00011046 0.00022958;
0.00028858 -0.00012124;
0.00016442 -6.7413e-05;
0.00015924 -6.6747e-05;
0.00030578 -0.00012479;
0.00038425 -0.00015869;
0.0003264 -0.00013521;
0.00020355 -8.4222e-05;
7.2403e-05 0.00018089;
0.00012262 0.00031146;
0.00016074 -6.3377e-05;
0.00016032 0.00035015;
0.00015655 0.00038377;
0.00016927 0.00015528;
0.00018554 0.00028766;
0.00026967 -0.00011631;
0.00015963 -6.7269e-05;
0.00035755 -0.00015548;
0.0003877 -0.00016294;
0.00032123 -0.00013307;
0.00019411 -8.048e-05;
6.9428e-05 0.00016988;
0.00014672 0.00031723;
0.00027196 -0.00011412;
0.00024527 -8.8839e-05;
0.0002371 -5.355e-06;
0.00031624 0.00012164;
0.00022603 0.00036475;
0.0003039 0.00025535;
0.00035919 -0.0001569;
0.00037856 -0.0001635;
0.00031384 -0.00013409;
0.00018536 -7.6859e-05;
9.0318e-05 0.00020068;
0.00024254 0.00032584;
0.00036337 -0.00013567;
0.00034689 -7.4749e-05;
0.00040236 1.8918e-05;
0.00044295 0.00017412;
0.00040207 0.00031952;
0.00037519 -0.00015837;
0.00029728 -0.00012945;
0.0001783 -7.6045e-05;
-0.00028634 0.0007067;
0.000341 0.00026981;
0.00050481 0.00033345;
0.00041882 -9.6702e-05;
0.00050675 4.4253e-05;
0.00058582 0.0002377;
0.00032383 -0.00011957;
0.00016503 -7.0254e-05;
-0.00022983 0.00063194;
-0.00016606 0.00039428;
-0.00030777 0.00074974;
-0.00029455 0.00062975;
0.00062705 0.00030183;
0.00040372 0.00016772;
0.00070664 0.00028806;
0.00042641 -3.3298e-05;
0.00059288 0.00012619;
0.00020233 -7.5606e-05;
-0.00026563 0.00064982;
-0.00016018 0.00039607;
-0.00030394 0.00074736;
-0.00027493 0.00067282;
-0.00016059 0.00040124;
0.00066244 0.00027945;
0.00040507 0.00017056;
0.0007466 0.00031332;
0.00061826 0.00023299;
0.00042633 4.8985e-05;
-0.0002764 0.00067461;
-0.00017052 0.00041428;
-0.00029779 0.00071504;
-0.0001673 0.00040313;
0.00069578 0.00028831;
0.00042504 0.00017935;
0.0007456 0.00031405;
0.00064198 0.00026823;
0.00039351 0.00016969;
-0.00029768 0.0007355;
-0.0001693 0.00042331;
-0.00026944 0.0006609;
-0.00017491 0.00042605;
-0.00028201 0.00068572;
-0.00017363 0.00041838;
0.00069027 0.00028911;
0.00043345 0.00018257;
0.00070537 0.00029373;
0.00040047 0.00016627;
-0.00029066 0.00070343;
-0.00017424 0.00042573;
-0.00030686 0.00075425;
-0.0001767 0.00043342;
0.00069125 0.0002891;
0.00043848 0.00018503;
0.00070211 0.00029165;
0.00041912 0.0001737;
-0.00029196 0.00071422;
-0.00016895 0.00041518;
-0.00029975 0.00072668;
-0.0001824 0.00043943;
0.00068841 0.00029044;
0.00043157 0.00018022;
0.0006985 0.0002926;
0.00042935 0.0001772;
-0.00028634 0.00069986;
-0.00016059 0.00039637;
-0.00026635 0.00065378;
-0.00015279 0.00037405;
-0.00030088 0.00073249;
-0.00017859 0.00043319;
0.00072133 0.00030296;
0.00041891 0.00017729;
0.00070142 0.00029064;
0.0004347 0.00018149;
-0.0002519 0.00061216;
-0.00014351 0.00035013;
-0.00031259 0.00075869;
-0.00030831 0.0007555;
-0.00017318 0.00042045;
0.00069144 0.00028826;
0.00040133 0.0001691;
0.00067272 0.00028588;
0.00037809 0.0001587;
0.00069841 0.00029514;
0.00043 0.00017823;
-0.00025356 0.00061291;
-0.0001341 0.00032907;
-0.00022688 0.00053862;
-0.000134 0.00031628;
-0.00032009 0.00076987;
-0.00028474 0.00069418;
-0.00016753 0.00040531;
0.00064183 0.00026782;
0.00035564 0.00014988;
0.00075753 0.00031243;
0.0007171 0.00029867;
0.00041625 0.00017426;
-0.00024336 0.00056265;
-0.00013409 0.00031781;
-0.00031238 0.00070694;
-0.0003276 0.00077772;
-0.00026797 0.00064774;
-0.0001618 0.0003899;
0.00061281 0.00025683;
0.00033215 0.00013899;
0.00058074 0.00023677;
0.00032395 0.00013206;
0.00076835 0.00032155;
0.00066295 0.00027425;
0.00040406 0.00016767;
-0.00022551 0.00053472;
-0.00012707 0.00031951;
-0.00016472 0.00048094;
-0.00031644 0.00071843;
-0.00033319 0.00075875;
-0.00026686 0.00062776;
-0.00015558 0.00037427;
0.00032141 0.00013931;
0.00055098 0.00021696;
0.00032525 0.00013164;
0.0007297 0.00028589;
0.00077996 0.0003164;
0.00065901 0.00027332;
0.00038452 0.00015931;
1.9585e-05 0.00046312;
-0.00027101 0.00072772;
-0.00014926 0.00069134;
-0.00031781 0.00075262;
-0.00026133 0.00059038;
-0.00015402 0.00035809;
0.00056602 0.00023114;
0.00048074 0.00023111;
0.00034338 0.00033388;
0.00027807 0.00062887;
0.00074325 0.00028797;
0.00076712 0.00030127;
0.0006441 0.00025691;
0.00036941 0.00015238;
6.5961e-05 0.00079775;
-0.00019762 0.00083352;
-0.00024156 0.00064653;
-0.00014167 0.00033422;
0.00070755 0.00032249;
0.00060063 0.00038613;
0.00054409 0.00060287;
0.00038033 0.00087848;
0.00075411 0.00030429;
0.00062811 0.00024378;
0.00035565 0.00014244;
0.00011383 0.0010226;
-0.00011066 0.00080648;
-0.00015521 0.00041267;
0.00049379 0.0011651;
0.00072958 0.00045134;
0.00065387 0.00078487;
0.00062039 0.00028459;
0.00032868 0.00013223;
0.00024408 0.001185;
0.00010914 0.00087184;
0.00059473 0.0014073;
0.00065933 0.0010143;
0.00063967 0.00053122;
0.00038313 0.00017262;
0.00048006 0.0013314;
0.00034628 0.0008248;
0.00061551 0.0014952;
0.00054401 0.0012027;
0.00052798 0.00066482;
0.00055632 0.0013276;
0.0003428 0.00083285;
0.00061973 0.0014815;
0.00052504 0.0012662;
0.00031399 0.00078548;
0.0021117 -0.0001121;
0.00056783 0.0013779;
0.00035127 0.00085222;
0.00056187 0.0013572;
0.00032891 0.00078902;
0.0021381 0.00011402;
0.0032979 7.7387e-06;
0.0020647 1.4697e-05;
0.00056868 0.0013803;
0.00034703 0.00084228;
0.00058722 0.00142;
0.00034271 0.00083458;
0.0020489 -1.6118e-05;
0.0031067 -4.772e-06;
0.0019676 -7.7643e-06;
0.0030275 -2.4607e-05;
0.00057678 0.0014066;
0.0003427 0.00083139;
0.00057085 0.0013916;
0.00035963 0.00086276;
0.0029282 3.5615e-07;
0.0018758 9.3843e-06;
0.0019815 -6.1436e-06;
0.003183 7.6333e-06;
0.00057483 0.0014048;
0.00032855 0.00080183;
0.00054607 0.0013131;
0.00032124 0.00077209;
0.00057323 0.0013897;
0.00036109 0.00087567;
0.0031328 1.1039e-05;
0.0017789 -6.1987e-06;
0.0028286 1.6035e-06;
0.0016772 6.5729e-07;
0.0018796 1.2489e-05;
0.0029207 8.9363e-06;
0.00058465 0.0013951;
0.00030883 0.00074581;
0.00059712 0.0014353;
0.00035567 0.00086089;
0.0025901 5.2166e-06;
0.0015782 3.4158e-06;
0.0032214 4.7123e-06;
0.003147 -1.7586e-05;
0.0017585 -1.0837e-05;
0.00053059 0.0012915;
0.00029006 0.00070452;
0.00061389 0.0014911;
0.0005581 0.0013433;
0.00034505 0.00082864;
0.0026396 -5.7272e-07;
0.0014815 -3.1991e-06;
0.003241 7.1397e-06;
0.0026765 -1.0935e-05;
0.0016804 4.5004e-06;
0.0005148 0.0012586;
0.00026715 0.00065605;
0.00047863 0.0011984;
0.00024347 0.00060021;
0.00061736 0.0015101;
0.0005218 0.0012676;
0.00033139 0.00080337;
0.0025316 -8.2857e-06;
0.0013859 2.511e-06;
0.0032782 -6.2622e-06;
0.0026171 9.9108e-06;
0.001557 5.1331e-07;
0.00043498 0.0011133;
0.0002164 0.00055533;
0.00037666 0.00099443;
0.00018431 0.0004852;
0.00057992 0.0014854;
0.00060497 0.001509;
0.00052008 0.0012727;
0.00032025 0.00077362;
0.0023637 9.5551e-06;
0.0013179 2.5112e-07;
0.0030562 4.8454e-06;
0.0022747 -5.63e-06;
0.001232 -5.4372e-06;
0.0031733 1.1535e-06;
0.0024867 -1.0599e-06;
0.0014409 1.622e-06;
0.0021167 7.0861e-06;
0.0012428 2.5618e-05;
0.00026915 0.00052619;
0.0020027 0.00013147;
0.00040245 0.00096289;
0.00053893 0.0014251;
0.00052384 0.0013204;
0.00058049 0.0015171;
0.00053577 0.0013559;
0.00030506 0.00075294;
0.0032079 4.6607e-06;
0.0030685 8.1274e-06;
0.0030074 4.9041e-07;
0.0022901 1.7549e-06;
0.0013557 -4.6467e-07;
0.0029064 4.2659e-05;
0.00072526 0.00098801;
0.0018048 0.00074945;
0.0027542 0.00026703;
0.00072653 0.0013293;
0.00062659 0.0015368;
0.00050115 0.0013009;
0.00030493 0.00076262;
0.0032045 5.7596e-06;
0.003118 -1.0096e-05;
0.0021859 -3.348e-06;
0.0012748 4.9551e-07;
0.0031529 -7.7574e-06;
0.0013538 0.0011729;
0.002211 0.00061317;
0.0027779 7.7739e-06;
0.00090742 0.0013522;
0.00059128 0.0012518;
0.00031031 0.00077701;
0.002884 -3.5233e-05;
0.0021411 4.5579e-06;
0.0011951 5.1611e-06;
0.0027823 -0.00025705;
0.0014282 0.00081006;
0.0019812 1.3685e-05;
0.0022716 -0.00056615;
0.00080765 0.0007305;
0.0003413 0.00067139;
0.002099 -0.00011921;
0.0011976 -2.4764e-05;
0.0019766 -0.00068952;
0.00099592 -6.9248e-05;
0.0014659 -0.0008414;
0.0014488 -0.0011186;
0.00037353 4.813e-06;
0.00071865 -0.00092657;
0.00075076 -0.0012408;
0.00069881 -0.00094743;
0.00087624 -0.0014068;
0.00033963 -0.00067153;
0.00056559 -0.001346;
0.00037918 -0.00086616;
0.00026071 -0.0005243;
0.00057936 -0.0012626;
0.00060599 -0.0015348;
0.00031061 -0.00076878;
0.00052967 -0.0014015;
0.0003718 -0.00095684;
0.00018991 -0.000498;
0.00048832 -0.0012719;
0.00057936 -0.0015137;
0.00030467 -0.00076499;
0.00058294 -0.0014953;
0.00040906 -0.0010609;
0.00022583 -0.00057511;
0.00052774 -0.0013373;
0.00030975 -0.00076291;
0.00061232 -0.001512;
0.00047048 -0.0011776;
0.000253 -0.00062753;
0.00054393 -0.0013307;
0.00032536 -0.00078685;
0.00062082 -0.0015139;
0.00050057 -0.0012208;
0.00028227 -0.00068897;
0.00054391 -0.0013126;
0.00034236 -0.00082368;
0.00062391 -0.0014939;
0.00052807 -0.0012699;
0.00030803 -0.0007444;
0.00058543 -0.0014168;
0.00034918 -0.0008484;
0.00056874 -0.0013787;
0.00032568 -0.00078965;
0.00057748 -0.0014003;
0.00035728 -0.00085942;
0.00058273 -0.0014209;
0.00033863 -0.00082462;
0.00059384 -0.0014403;
0.00035098 -0.00085207;
0.00057115 -0.0013839;
0.00035274 -0.00085266;
0.00058397 -0.0014166;
0.00034173 -0.00082655;
0.00056819 -0.0013714;
0.00035588 -0.0008594;
0.00056082 -0.0013656;
0.00031564 -0.00075882;
0.00033061 -0.00079741;
0.00057582 -0.0013838;
0.00058627 -0.0014269;
0.00034227 -0.00083911;
0.00054178 -0.0013066;
0.00030915 -0.00076968;
0.00061811 -0.0014832;
0.00058342 -0.001417;
0.00033755 -0.00081482;
0.00058071 -0.0012269;
0.00062082 -0.0014931;
0.00054383 -0.0013141;
0.00031683 -0.00077279;
0.00057786 -0.0014183;
0.00046533 -0.0012572;
0.00032709 -0.00076003;
8.4098e-05 1.9248e-05;
6.6347e-05 2.3361e-05;
0 0;
0 0;
0 0;
7.2854e-05 2.3536e-05;
0 0;
6.6858e-05 2.0493e-05;
8.1302e-05 3.4818e-05;
0 0;
6.6798e-05 2.1529e-05;
0 0;
7.3024e-05 2.4287e-05;
0 0;
2.6901e-05 -5.5441e-05;
0 0;
4.0834e-05 -6.6573e-05;
0 0;
3.1011e-05 -6.0572e-05;
6.3435e-05 2.0549e-05;
0 0;
0 0;
6.6797e-05 2.2447e-05;
0 0;
2.8732e-05 -5.6044e-05;
5.8624e-05 1.8909e-05;
0 0;
5.4418e-05 1.7599e-05;
0 0;
0 0;
0 0;
2.9758e-05 -5.667e-05;
3.0434e-05 -7.4447e-05;
0 0;
6.3438e-05 2.1117e-05;
0 0;
2.7919e-05 -5.4779e-05;
5.0734e-05 1.6448e-05;
0 0;
0 0;
3.2084e-05 -6.415e-05;
0 0;
5.906e-05 1.97e-05;
2.6186e-05 -5.1081e-05;
0 0;
2.4638e-05 -4.8202e-05;
0 0;
4.7189e-05 1.5226e-05;
0 0;
0 0;
3.0058e-05 -6.0308e-05;
0 0;
5.6738e-05 1.8713e-05;
2.2996e-05 -4.4976e-05;
0 0;
4.4048e-05 1.425e-05;
0 0;
0 0;
2.9357e-05 -5.8531e-05;
0 0;
5.3716e-05 1.7992e-05;
2.1445e-05 -4.189e-05;
0 0;
1.9906e-05 -3.8942e-05;
0 0;
4.1966e-05 1.3738e-05;
0 0;
0 0;
2.7656e-05 -5.5267e-05;
0 0;
4.9748e-05 1.6606e-05;
1.9086e-05 -3.7711e-05;
0 0;
4.1993e-05 1.3948e-05;
0 0;
0 0;
2.6235e-05 -5.2264e-05;
0 0;
4.7761e-05 1.6414e-05;
1.932e-05 -3.8339e-05;
0 0;
0 0;
2.4399e-05 -4.8991e-05;
0 0;
4.3736e-05 1.3757e-05;
0 0;
2.3058e-05 -4.6063e-05;
0 0;
0 0;
4.3025e-05 1.9748e-05;
0 0;
2.1999e-05 -4.5114e-05;
0 0;
0 0;
3.6206e-05 9.9472e-05;
0 0;
0.00011581 -9.9442e-06;
0 0;
2.1317e-05 -4.0774e-05;
0 0;
4.6007e-05 9.6614e-05;
0 0;
4.2284e-05 9.7403e-05;
0 0;
9.0487e-05 -4.2498e-05;
0 0;
1.6259e-05 -4.4345e-05;
0 0;
4.0339e-05 0.0001005;
0 0;
4.3717e-05 0.0001041;
0 0;
4.4626e-05 0.00010547;
0 0;
9.3919e-05 -3.6917e-05;
0 0;
8.9525e-05 -7.5012e-05;
0 0;
4.4485e-05 0.00010649;
0 0;
4.5089e-05 0.00010684;
0 0;
0.00010116 -4.1403e-05;
0 0;
9.5411e-05 -3.3588e-05;
0 0;
4.545e-05 0.00010979;
0 0;
4.4668e-05 0.00010601;
0 0;
0.00010411 -4.2222e-05;
0 0;
9.5171e-05 -4.0496e-05;
0 0;
4.6797e-05 0.0001126;
0 0;
4.3359e-05 0.00010285;
0 0;
4.1308e-05 9.7934e-05;
0 0;
0.00010669 -4.3478e-05;
0 0;
0.00010416 -4.2858e-05;
0 0;
4.5666e-05 0.00011026;
0 0;
3.8646e-05 9.1846e-05;
0 0;
0.00010596 -4.3102e-05;
0 0;
0.00010732 -4.4559e-05;
0 0;
4.3912e-05 0.00010586;
3.6077e-05 8.5598e-05;
0 0;
0 0;
0.00010281 -4.1829e-05;
0 0;
9.82e-05 -3.9978e-05;
0 0;
0.00011061 -4.5716e-05;
0 0;
4.2269e-05 0.0001014;
3.3543e-05 7.9722e-05;
0 0;
0 0;
9.2522e-05 -3.7657e-05;
0 0;
0.00010914 -4.5109e-05;
0 0;
4.0279e-05 9.7237e-05;
3.1871e-05 7.6934e-05;
0 0;
8.5897e-05 -3.4914e-05;
0 0;
8.0338e-05 -3.2797e-05;
0 0;
0 0;
0.00010605 -4.3785e-05;
0 0;
3.8374e-05 9.243e-05;
3.2251e-05 7.778e-05;
0 0;
7.7576e-05 -3.2121e-05;
0 0;
0 0;
0.00010185 -4.1981e-05;
0 0;
3.5979e-05 8.9759e-05;
7.8727e-05 -3.2534e-05;
0 0;
0 0;
9.6906e-05 -4.0227e-05;
0 0;
3.634e-05 8.1862e-05;
0 0;
9.1554e-05 -3.7792e-05;
0 0;
2.4491e-05 9.1122e-05;
0 0;
8.8596e-05 -3.7847e-05;
0 0;
0 0;
0.00018503 0.00016251;
0 0;
8.128e-05 -3.1423e-05;
0 0;
-9.0421e-05 0.00019168;
0 0;
0 0;
0.00020418 7.3919e-05;
0 0;
7.9959e-05 -4.6277e-05;
0 0;
-7.7368e-05 0.00019672;
0 0;
-7.0685e-05 0.00020229;
0 0;
0.00020054 8.7085e-05;
0 0;
0.00024219 1.6262e-05;
0 0;
-8.568e-05 0.00020954;
0 0;
-8.6168e-05 0.00021284;
0 0;
-8.5148e-05 0.00019878;
0 0;
0.00021645 9.0727e-05;
0 0;
0.00019113 9.2024e-05;
0 0;
-8.7923e-05 0.00021596;
0 0;
-8.7198e-05 0.00021252;
0 0;
0.00021923 9.2675e-05;
0 0;
0.00019892 7.9887e-05;
0 0;
-8.7581e-05 0.00021503;
0 0;
-9.0669e-05 0.00021852;
0 0;
0.00022225 9.3705e-05;
0 0;
0.00021202 8.8463e-05;
0 0;
-8.4832e-05 0.0002086;
0 0;
-8.0308e-05 0.00019756;
0 0;
-9.2172e-05 0.00022324;
0 0;
0.0002182 9.2023e-05;
0 0;
0.00021676 8.9544e-05;
0 0;
-7.5464e-05 0.00018494;
0 0;
-9.0558e-05 0.00021892;
0 0;
0.00021119 8.9033e-05;
0 0;
0.0002 8.4353e-05;
0 0;
0.00022074 9.174e-05;
-7.045e-05 0.00017283;
0 0;
0 0;
-8.7452e-05 0.00021151;
-6.5312e-05 0.0001604;
0 0;
0 0;
0.00018801 7.9033e-05;
0 0;
0.00021719 9.0105e-05;
0 0;
-8.3592e-05 0.00020294;
-6.3983e-05 0.00015394;
0 0;
0.00017481 7.3754e-05;
0 0;
0.00016225 6.8172e-05;
0 0;
0 0;
0.00020968 8.7089e-05;
0 0;
-8.0543e-05 0.00019448;
-6.503e-05 0.00015697;
0 0;
0.00015739 6.5077e-05;
0 0;
0 0;
0.00020163 8.3923e-05;
0 0;
-7.6504e-05 0.00018529;
0.0001597 6.6156e-05;
0 0;
0 0;
0.00019194 7.934e-05;
0 0;
-7.6376e-05 0.000178;
0 0;
0.00018201 7.5594e-05;
0 0;
-6.3727e-05 0.00016474;
0 0;
0.00017659 7.0674e-05;
0 0;
-9.4185e-05 0.0001624;
0 0;
0.00015746 6.9667e-05;
0 0;
3.5633e-05 0.00049821;
0 0;
0.00017206 4.4947e-05;
0 0;
0.00019174 0.000404;
0 0;
0.00031532 0.00035945;
0 0;
0.00016658 0.00041604;
0 0;
0.00013858 0.00039481;
0.0011073 -8.8458e-05;
0 0;
0.0017843 -1.3611e-17;
0.00075 0;
0 0;
0.00017884 0.00043106;
0 0;
0.00016601 0.00038783;
0.0010441 2.4647e-05;
0 0;
0 0;
0.00017419 0.00042402;
0 0;
0.00017425 0.00042359;
0.0010147 -5.7355e-06;
0 0;
0.0011262 8.9578e-05;
0.0017924 -2.6582e-17;
0 0;
0.00075 0;
0 0;
0.00017278 0.00041929;
0 0;
0.00016587 0.00040273;
0 0;
0.00018145 0.00043699;
0.00095253 1.3998e-06;
0 0;
0.00089405 2.3077e-07;
0 0;
0.001037 -2.5485e-05;
0 0;
0 0;
0.000159 0.0003852;
0 0;
0.00018339 0.00044425;
0.00083494 9.2291e-07;
0 0;
0.0010211 5.0243e-06;
0 0;
0 0;
0.00015307 0.00036932;
0 0;
0.00018061 0.00043531;
0.00078359 3.712e-07;
0 0;
0.00095253 -8.8423e-09;
0 0;
0 0;
0.00014347 0.00034805;
0.00013159 0.0003214;
0 0;
0 0;
0.00017289 0.00041721;
0.00072901 -8.2732e-07;
0 0;
0.00088533 -3.9878e-07;
0 0;
0.00011895 0.00028972;
0 0;
0.00010804 0.00027074;
0 0;
0 0;
0.00016587 0.00040226;
0.00067539 1.173e-06;
0 0;
0.00064487 -1.3821e-08;
0 0;
0.00083626 -2.0609e-06;
0 0;
0.00058765 -1.8653e-06;
0 0;
8.3933e-05 0.00021482;
0 0;
0 0;
0.00016021 0.00038643;
0.00076956 3.3308e-07;
0 0;
0 0;
0.00015213 0.00037069;
0.00070893 2.1733e-07;
0 0;
0 0;
0.0001544 0.00038043;
0.00065795 -5.7602e-07;
0 0;
0 0;
0.00015423 0.00037924;
0.00062272 1.6565e-07;
0 0;
0 0;
0.00016804 0.00039196;
0.00056847 1.7938e-06;
0 0;
0 0;
0.00011497 -3.6219e-07;
0 0;
0.00016685 -0.00039042;
0 0;
0.0001533 -0.00037481;
8.693e-05 -0.00022212;
0 0;
0 0;
0.00015465 -0.0003819;
0.00011249 -0.00028089;
0 0;
0 0;
0.00015403 -0.00037588;
0.00012404 -0.00030343;
0 0;
0 0;
0.00016358 -0.00039447;
0.00013961 -0.00034037;
0 0;
0 0;
0.00017086 -0.00041329;
0.0001527 -0.00036924;
0 0;
0 0;
0.00017674 -0.00042764;
0 0;
0.00016319 -0.00039472;
0 0;
0.00018025 -0.00043541;
0 0;
0.00017119 -0.00041546;
0 0;
0.00017858 -0.00043216;
0 0;
0.00017792 -0.00043185;
0 0;
0.0001721 -0.00041439;
0 0;
0.00016559 -0.0004026;
0 0;
0.00017946 -0.00043423;
0 0;
0.00015976 -0.00037267;
0 0;
0.00017366 -0.00042301;
0 0;
0.00013485 -0.00038646;
0 0;
0.0001707 -0.00041085;
0 0;
0.00015196 -0.00038258;
0 0;
0.00017727 -0.00036791;
0 0;
